496
936
282
115
114
304
30
394
450
483
606
927
718
149
971
705
125
193
571
212
298
953
814
513
901
701
151
502
72
803
646
165
334
847
242
484
207
679
492
417
33
998
750
368
537
227
298
938
199
773
744
387
199
437
895
73
92
48
69
260
775
552
138
510
469
278
518
880
582
181
698
118
954
750
428
200
158
932
388
478
204
707
843
760
961
98
236
247
695
258
826
787
835
818
969
90
873
9
825
954
883
527
925
427
89
815
282
956
346
317
987
632
296
160
841
253
217
125
351
353
906
936
387
41
55
407
929
975
