314
400
30
541
393
392
478
590
513
0
412
752
875
870
651
228
27
665
454
819
744
729
17
954
445
904
642
954
506
953
446
563
940
540
993
933
849
595
613
499
432
972
931
628
164
899
248
599
34
154
110
98
376
432
332
607
589
108
952
684
919
13
152
438
864
104
360
369
266
572
829
838
177
845
632
409
456
555
550
493
539
342
757
103
435
640
417
332
17
495
189
32
562
574
141
868
128
56
543
27
865
728
946
217
344
71
942
288
618
323
147
633
651
896
638
252
103
413
958
939
972
270
773
601
348
66
794
418
825
864
867
423
873
323
751
466
601
703
361
648
670
118
449
471
198
716
901
949
69
811
653
634
844
892
468
644
852
923
114
613
768
285
342
579
975
617
857
356
113
56
534
139
825
570
741
323
905
663
319
127
68
110
27
12
404
437
127
396
843
118
347
808
623
91
423
145
895
438
804
99
994
767
64
310
935
2
875
962
942
156
951
478
781
394
284
813
991
814
553
510
160
47
727
447
395
804
215
613
220
205
52
339
385
375
235
292
59
393
127
38
555
327
833
85
279
11
132
65
355
994
718
390
132
490
379
566
129
622
396
541
658
676
573
784
626
76
179
138
497
861
292
317
946
341
329
170
956
812
6
149
491
30
395
511
622
299
531
161
11
933
625
963
831
494
274
630
698
931
133
276
758
56
239
90
592
561
844
750
576
19
856
547
491
509
83
239
968
974
394
213
831
300
490
771
900
814
784
570
43
959
492
149
710
792
404
753
874
704
973
312
656
810
380
465
631
203
522
975
318
375
958
516
407
175
140
115
335
273
419
351
27
509
476
90
780
767
95
326
779
261
16
386
407
542
718
834
523
565
36
926
45
154
33
228
913
315
18
628
324
956
343
105
236
568
778
967
157
634
147
853
630
485
745
249
970
636
60
426
507
302
814
486
833
730
32
568
55
499
232
341
94
721
79
748
123
884
705
472
220
277
814
323
425
474
69
424
797
254
48
581
755
507
315
723
909
45
886
716
191
492
266
352
650
405
864
36
325
438
589
776
214
908
874
410
246
939
711
356
435
729
295
519
375
271
23
827
133
93
49
556
555
9
677
426
227
436
886
989
596
721
818
827
22
435
36
744
755
1
28
129
704
705
101
917
707
391
439
8
694
647
635
925
