579
883
913
915
95
546
560
783
5
748
29
151
363
175
57
507
510
146
657
598
940
677
583
844
699
515
643
398
927
685
160
364
841
547
395
221
971
297
119
390
231
245
44
765
247
401
533
824
8
593
888
687
168
18
369
971
822
212
456
65
784
430
105
343
343
965
730
610
168
56
902
306
924
307
768
146
422
22
636
383
188
450
327
797
479
887
342
945
493
821
620
590
926
541
94
983
595
914
760
678
234
666
306
519
318
531
173
188
828
308
736
429
248
953
287
315
294
986
163
770
364
465
300
177
588
286
386
607
128
728
859
196
958
618
511
985
459
88
568
221
988
821
525
300
479
411
502
758
648
13
985
242
719
644
995
237
23
492
266
403
266
899
255
297
968
94
777
356
718
159
180
881
906
782
521
106
837
883
167
610
578
838
191
133
755
843
965
23
786
141
930
832
709
110
479
896
59
352
4
789
755
403
414
677
91
988
254
386
350
198
526
626
71
983
327
776
914
161
15
595
290
260
918
176
53
573
263
86
115
653
51
638
925
385
320
453
443
313
233
888
22
54
184
3
892
669
743
798
825
555
923
988
498
892
169
361
53
125
539
839
813
121
899
517
314
555
800
613
325
610
14
112
985
114
24
121
788
132
136
611
293
508
759
959
647
499
273
725
715
993
847
15
805
544
456
605
565
952
425
760
166
410
25
191
147
764
546
463
756
128
913
755
128
553
23
800
941
835
912
418
954
493
776
105
910
766
797
490
154
817
880
875
873
615
93
71
384
40
586
42
391
661
693
642
799
573
485
914
678
785
578
172
14
750
753
41
861
719
464
616
941
869
376
314
482
876
504
982
172
2
213
758
170
967
31
452
271
364
399
818
473
338
949
973
347
175
815
445
165
879
947
740
274
725
685
752
991
429
740
719
523
431
950
222
777
114
484
838
194
811
401
363
728
736
523
954
190
845
428
471
931
530
715
920
373
575
203
194
289
269
589
694
417
35
473
207
935
633
696
18
870
189
949
402
967
128
170
584
713
819
294
212
346
507
244
58
98
230
335
923
47
17
881
623
18
993
211
740
696
66
239
38
221
918
185
419
779
869
452
425
761
118
552
695
175
528
177
205
629
783
36
281
762
942
98
510
554
53
375
770
953
351
140
877
173
499
8
322
144
549
989
739
626
177
207
789
965
107
143
181
306
877
846
621
641
558
109
680
221
92
177
53
686
374
148
259
928
8
886
906
545
147
11
761
944
184
126
186
217
177
107
430
85
877
433
398
526
742
182
159
399
577
69
569
266
1
979
556
188
903
408
592
707
674
992
176
983
672
793
161
798
126
318
308
506
834
514
646
413
770
169
593
357
256
112
793
202
685
781
317
251
215
969
367
761
656
137
618
572
396
932
711
953
591
863
908
981
576
748
962
675
870
921
25
505
934
125
498
993
206
453
72
723
329
981
764
152
327
538
796
729
288
52
760
38
22
745
649
242
780
139
757
691
406
820
507
440
230
504
775
316
568
369
715
271
459
736
395
155
381
527
275
331
713
99
391
88
8
215
366
701
513
340
300
122
758
996
115
887
781
638
574
134
799
59
561
690
712
383
648
191
428
523
466
199
723
224
505
339
72
998
633
435
468
642
923
124
353
558
662
888
478
986
752
324
495
600
686
914
5
557
222
863
713
203
469
919
320
980
202
60
412
218
390
614
16
817
886
500
693
861
294
440
165
832
780
689
675
555
598
26
653
478
361
272
488
219
288
24
447
717
237
503
575
702
879
675
193
109
128
151
709
191
257
668
119
332
412
26
737
434
662
630
565
703
167
221
989
351
895
103
137
702
151
703
780
695
769
823
916
371
365
216
932
782
482
846
167
883
477
986
195
183
840
818
928
987
474
883
780
155
503
358
220
59
876
344
777
706
169
380
124
942
443
811
647
495
285
380
370
560
362
750
343
719
730
434
627
806
999
765
937
874
90
939
260
465
311
752
928
352
770
127
158
434
732
294
498
589
358
512
731
47
480
274
455
382
687
402
968
44
401
896
7
425
366
952
443
763
29
256
950
704
0
669
653
612
365
690
26
558
457
880
191
636
435
161
744
128
931
941
30
226
669
88
924
588
646
419
832
805
57
623
935
965
247
304
725
655
529
902
417
540
683
486
649
716
646
167
862
944
930
257
662
323
663
344
354
159
278
151
492
43
625
438
503
594
387
934
435
447
765
307
779
260
566
240
845
218
607
513
909
3
0
945
878
571
90
420
991
365
506
215
533
290
743
452
58
484
792
297
426
376
29
960
38
546
584
153
48
315
71
179
641
501
298
337
842
823
291
697
221
947
599
441
543
509
751
747
468
919
587
303
383
567
996
774
941
906
996
788
893
129
533
176
830
66
730
974
181
298
694
259
273
853
879
392
812
848
54
343
441
590
30
210
997
327
135
308
396
207
998
799
608
882
851
284
120
557
742
138
963
408
134
61
855
487
432
383
731
112
56
101
845
343
967
680
528
676
370
476
270
358
850
357
166
217
885
469
443
139
889
338
696
813
496
476
507
333
245
84
845
528
753
584
147
324
233
732
469
683
272
26
761
275
781
786
931
443
809
572
874
152
231
794
530
126
680
923
265
778
82
338
800
900
764
749
969
978
720
977
24
935
382
139
95
314
641
737
177
419
361
63
51
384
108
574
642
734
17
823
573
19
443
37
704
464
22
72
345
572
89
357
283
580
464
779
173
751
324
160
167
765
81
690
80
959
733
34
430
273
776
579
563
700
956
457
200
257
306
556
569
384
798
147
52
982
129
989
119
205
593
810
382
437
599
480
958
736
628
259
121
572
169
404
878
97
506
346
788
762
973
645
515
416
549
526
239
706
158
69
417
169
196
75
620
256
21
22
185
288
127
451
0
185
743
357
220
685
143
235
89
367
51
792
364
369
449
68
543
523
594
808
439
943
449
767
708
280
311
480
477
427
9
327
302
222
167
523
135
846
977
930
762
637
416
97
512
143
126
376
192
637
667
650
429
395
581
338
203
900
251
961
438
197
958
220
479
887
212
217
125
62
603
794
667
38
575
547
355
758
736
462
551
228
947
102
119
112
10
120
940
61
379
381
680
602
402
716
320
422
132
572
104
146
217
103
921
416
996
979
193
825
99
458
311
141
926
249
801
859
38
117
804
569
43
441
87
669
929
308
549
537
416
504
365
661
807
549
359
343
805
340
782
773
139
416
908
851
1
686
734
72
116
101
534
467
152
872
639
843
32
153
336
708
471
0
304
429
786
809
546
565
92
27
765
102
749
908
115
859
704
266
956
179
824
444
974
543
606
263
27
8
425
965
720
369
499
608
757
228
52
261
965
152
766
411
52
336
660
954
376
599
639
80
829
736
542
494
361
330
25
562
593
487
50
678
206
398
417
429
232
415
739
774
93
212
366
905
477
231
388
342
853
725
185
973
239
442
770
855
178
647
340
44
179
790
590
46
880
14
333
659
861
257
90
936
21
123
305
512
414
158
537
92
465
720
499
220
284
790
33
860
110
570
260
258
719
215
785
259
473
85
530
101
247
832
429
167
481
587
243
453
145
450
119
904
253
717
464
274
209
832
541
479
840
887
132
599
607
319
912
791
270
152
301
360
684
230
856
703
70
591
311
907
763
623
234
694
767
759
165
674
538
708
204
837
557
403
386
695
880
482
477
728
458
794
705
871
262
680
975
981
703
435
994
199
72
856
935
282
242
210
846
785
499
685
577
978
175
769
552
536
830
275
830
217
258
423
995
446
707
274
871
539
904
84
560
509
252
59
928
592
547
314
743
235
840
736
456
955
325
293
498
995
53
752
701
37
73
531
207
419
453
128
243
862
990
277
980
488
995
186
411
581
469
547
163
531
749
161
525
634
472
516
669
758
361
531
256
122
83
547
472
999
633
925
902
611
661
154
811
940
401
386
667
267
61
770
215
901
349
732
53
996
798
688
237
509
422
993
466
963
141
738
852
425
531
247
134
916
488
47
561
814
234
919
276
919
790
875
6
86
526
309
770
462
283
447
669
884
783
973
896
252
50
708
420
835
479
856
190
886
235
897
481
146
345
324
91
141
156
880
789
354
98
383
506
690
2
205
155
861
218
733
332
129
335
310
807
361
873
140
43
118
354
75
568
131
460
591
226
722
76
527
464
396
87
855
224
654
287
29
552
919
337
907
587
181
911
555
647
584
741
273
879
6
202
369
210
390
773
106
63
848
769
315
786
465
31
513
536
660
391
186
923
916
642
436
274
646
726
407
713
27
967
41
24
236
319
952
338
358
970
314
724
140
64
40
880
556
583
969
142
634
13
883
566
800
599
236
916
7
177
758
16
615
827
417
416
602
3
987
117
575
589
507
159
939
220
131
214
834
435
483
926
474
93
9
174
584
933
86
573
260
435
229
305
280
772
725
477
70
141
390
7
807
627
968
939
575
97
422
767
46
535
58
741
674
412
850
790
304
353
912
265
1
977
783
112
937
936
433
218
107
854
357
435
535
432
198
181
678
252
791
720
237
807
259
957
125
341
169
883
435
5
332
204
458
414
832
896
94
881
488
628
308
44
157
70
870
424
249
423
570
153
930
37
690
215
706
780
718
221
234
985
757
797
367
11
475
246
325
110
884
668
96
189
599
939
505
291
766
167
493
222
873
674
162
105
282
811
50
141
307
183
762
387
563
151
893
256
200
326
377
638
951
165
923
843
127
414
869
207
379
81
334
167
862
293
867
793
360
647
761
708
231
952
740
54
721
134
953
697
669
2
960
451
18
785
101
264
623
849
286
574
186
873
519
901
548
926
297
689
681
910
905
829
373
683
988
238
378
806
936
201
798
100
822
178
946
410
68
346
573
344
695
964
654
837
45
812
985
336
536
980
168
222
631
421
139
780
783
70
875
706
902
348
680
466
592
295
466
636
378
348
380
416
436
484
868
808
900
896
655
431
317
647
786
561
759
14
436
864
975
99
999
960
311
670
469
280
57
933
591
373
828
842
456
165
617
691
40
285
104
174
964
72
867
758
643
412
252
934
508
362
714
857
283
58
423
988
930
465
445
17
108
48
198
33
309
810
347
516
453
625
996
520
811
46
727
668
334
667
564
280
847
735
940
371
218
965
337
16
739
401
417
790
46
713
540
515
438
811
725
516
591
929
414
628
448
461
187
326
687
266
561
912
769
546
847
246
345
606
2
256
925
21
927
194
688
275
906
470
49
949
459
655
459
815
464
268
238
938
701
296
748
893
568
610
69
407
889
966
667
319
622
559
826
984
229
391
447
812
155
532
105
579
946
57
677
192
486
518
699
272
672
365
46
352
340
515
345
419
557
134
589
757
625
161
839
278
447
921
526
414
260
507
610
721
157
773
528
448
670
565
626
916
697
874
523
351
211
221
336
537
424
107
714
283
382
914
273
268
215
709
314
174
41
758
584
564
808
152
433
451
203
14
375
209
3
794
31
318
815
158
582
734
541
209
151
871
195
575
154
630
859
863
159
832
693
738
151
335
927
293
555
676
376
307
6
668
98
67
597
32
229
545
160
733
392
931
400
260
674
530
687
382
207
867
760
136
46
841
787
351
703
217
3
625
466
282
747
24
634
335
458
419
561
186
784
890
333
182
744
502
280
753
13
106
941
212
113
402
422
809
625
247
435
472
812
772
380
557
970
673
56
106
553
25
726
589
939
410
920
53
99
176
184
78
966
14
427
831
311
786
418
748
211
572
767
397
763
627
732
578
783
116
871
737
551
200
442
398
613
184
94
398
255
176
712
63
144
685
180
207
542
108
934
648
382
745
263
885
443
800
972
380
782
620
723
712
575
418
159
746
466
729
362
459
805
384
106
520
262
587
924
106
1
92
637
976
942
714
376
388
33
185
545
304
715
173
720
283
462
492
994
843
718
208
953
184
891
461
803
627
931
445
72
513
356
453
868
600
695
404
405
533
632
312
807
8
826
492
451
461
424
986
526
567
654
977
390
130
445
523
695
21
565
926
491
555
365
53
624
613
694
618
146
173
533
706
538
505
887
541
847
75
944
976
73
41
844
681
965
285
662
926
473
867
862
107
921
322
389
246
682
769
837
736
884
504
460
715
477
200
79
755
904
416
266
90
885
213
805
923
410
765
747
650
559
144
612
847
806
323
946
301
633
74
633
51
662
265
512
687
86
760
92
498
787
713
283
412
175
487
797
380
633
797
287
435
643
679
834
422
775
201
464
127
111
739
71
231
68
605
837
386
215
885
843
966
787
434
367
665
11
940
985
487
247
394
791
517
802
991
588
645
591
721
939
782
698
640
537
383
539
672
136
47
300
907
56
692
132
470
321
559
852
294
571
328
47
663
910
468
183
513
365
423
754
23
565
231
548
741
260
471
413
445
709
212
987
638
696
200
130
914
909
0
88
75
1
804
622
753
529
579
840
810
555
569
277
439
749
822
697
14
149
275
680
961
39
12
694
403
141
188
978
138
448
938
617
686
485
71
870
788
779
56
431
655
81
342
347
692
493
895
383
440
742
704
360
944
403
882
378
612
988
423
495
986
510
663
900
443
949
483
117
83
625
101
665
378
283
778
872
842
169
933
216
389
565
650
279
645
884
323
699
583
58
538
525
973
98
388
829
54
595
870
950
764
487
871
18
81
453
34
320
135
614
86
321
91
700
435
843
349
951
196
861
431
25
739
377
431
345
693
935
699
133
140
782
840
856
691
133
775
259
993
624
365
119
525
846
829
9
90
135
180
143
247
211
432
151
302
54
422
622
838
663
335
549
216
544
806
176
283
560
736
49
132
843
968
529
341
379
335
215
520
720
53
673
289
739
942
94
598
344
292
62
355
218
284
673
774
160
448
12
876
461
481
931
574
245
982
936
411
219
453
689
35
832
525
432
310
639
782
124
239
347
245
308
96
993
480
228
251
746
954
608
730
961
500
565
235
627
961
351
964
780
940
461
823
101
895
969
770
707
290
707
614
212
319
325
209
123
342
897
594
235
298
775
56
927
495
251
104
864
478
51
58
784
54
510
15
883
209
111
832
157
496
201
302
198
660
380
89
66
714
70
343
838
778
486
196
277
476
785
832
760
520
7
250
188
825
639
303
956
508
727
6
975
899
864
899
357
808
438
686
740
88
590
103
823
327
608
129
661
497
443
240
311
692
991
912
659
456
46
955
486
471
556
439
343
903
86
706
950
393
135
186
267
885
893
398
890
212
49
58
844
657
437
835
378
981
529
48
666
463
350
736
564
980
699
142
182
608
822
6
716
177
642
227
563
963
446
806
100
430
343
389
406
793
964
414
956
609
646
174
942
546
731
354
91
152
472
761
955
802
243
508
531
4
931
611
26
192
39
894
48
33
931
492
23
683
850
507
81
274
589
509
793
541
233
980
349
542
918
322
457
890
771
135
271
616
687
903
626
415
499
471
115
32
900
92
482
349
260
265
870
188
735
11
383
517
355
298
328
900
985
534
43
962
737
331
525
6
690
587
296
660
726
135
791
112
515
90
740
217
406
881
725
677
667
587
734
188
631
921
216
299
358
65
566
160
545
253
640
549
15
211
424
283
100
305
786
509
103
240
137
213
93
170
20
574
547
392
520
128
432
220
455
50
953
367
142
471
575
233
324
63
59
875
990
689
665
594
855
234
730
35
469
292
435
565
311
70
947
199
946
404
58
103
35
35
533
724
279
467
62
129
509
353
913
519
813
760
817
101
59
988
224
439
219
730
765
88
432
399
288
477
176
660
169
391
407
307
119
716
668
944
780
251
80
287
437
795
386
166
880
503
616
710
174
359
593
564
248
926
245
462
477
556
725
812
329
376
919
581
570
683
858
627
804
571
624
396
109
850
169
542
594
531
556
654
271
441
113
780
438
28
794
463
351
681
823
57
358
500
416
982
483
477
941
350
618
44
922
965
674
642
934
732
619
21
131
669
976
240
560
720
149
429
169
357
482
144
24
325
501
169
645
986
685
637
897
735
954
42
936
637
107
693
53
668
471
466
319
610
653
367
585
171
423
366
440
677
729
893
501
814
176
323
594
612
805
137
585
505
80
370
192
330
617
721
241
658
474
838
806
367
321
668
370
969
946
346
338
922
344
635
178
959
180
733
932
817
438
675
523
888
176
319
413
85
307
664
247
498
977
803
339
65
753
361
141
54
968
781
547
161
805
8
354
780
893
827
21
781
445
544
953
664
990
790
492
405
819
455
699
457
990
327
155
780
312
979
551
622
431
860
920
366
153
999
955
25
695
938
43
803
381
620
872
758
342
690
776
516
869
138
249
434
262
254
8
131
306
454
452
789
138
754
180
901
354
323
431
330
503
965
450
392
875
884
883
844
965
31
629
359
430
133
652
529
197
626
696
795
973
406
935
648
828
11
203
41
452
170
347
180
879
225
356
552
731
50
64
488
837
730
15
217
897
92
778
602
320
346
943
15
266
639
829
186
11
972
657
239
810
190
394
289
604
952
31
726
216
915
953
533
395
862
651
471
971
843
141
833
289
559
831
36
752
373
347
247
42
625
827
642
257
100
906
383
650
401
726
183
950
458
203
207
699
272
123
533
592
205
497
218
701
687
198
998
592
852
186
299
500
61
836
895
676
992
797
633
910
590
438
999
162
125
466
298
177
931
510
311
755
504
540
826
201
590
623
177
881
520
553
114
279
20
352
786
448
902
304
419
738
299
474
409
896
47
177
690
514
467
621
616
497
582
944
340
559
551
622
264
885
332
979
384
614
162
4
934
321
978
207
882
900
12
302
778
643
851
174
619
576
221
270
228
533
813
3
252
293
926
496
584
464
934
187
250
773
468
723
384
849
664
85
144
382
806
390
46
872
415
75
938
24
228
516
17
179
383
479
750
781
552
192
292
871
376
342
227
448
734
873
420
679
244
119
331
502
541
383
664
330
197
741
858
127
901
763
713
985
857
344
254
813
296
842
161
13
592
520
342
635
843
714
694
741
529
922
69
230
996
139
325
598
874
679
535
143
59
64
153
768
903
332
944
559
706
891
459
47
816
916
617
386
359
355
689
703
261
559
268
276
551
129
49
415
738
343
189
270
66
749
4
950
589
773
993
105
875
542
117
249
765
96
400
49
431
519
273
226
578
21
83
922
626
794
119
498
969
191
936
446
23
89
367
231
495
792
83
109
103
631
716
694
707
398
509
508
718
82
700
706
926
55
623
270
906
148
860
298
859
308
524
837
765
157
974
743
209
305
284
137
888
394
684
626
342
851
69
191
816
313
100
810
787
616
674
