699
563
410
483
788
908
954
950
413
809
383
36
608
823
316
559
304
964
140
960
42
874
594
317
910
578
711
21
223
558
525
874
324
544
872
498
891
280
780
977
156
806
122
566
497
516
260
688
997
359
167
413
906
2
809
984
117
871
72
757
644
491
898
361
623
933
331
763
588
667
112
368
581
408
794
936
412
198
646
715
270
500
114
183
821
532
98
602
400
532
208
710
885
238
378
709
455
486
37
402
722
680
648
362
659
68
347
205
717
767
558
917
894
943
910
314
800
771
674
959
395
52
20
20
984
707
683
745
256
833
348
548
186
541
289
808
772
117
394
690
921
365
400
592
849
253
689
73
838
898
869
195
586
219
983
821
166
166
519
409
630
607
820
461
528
940
327
431
163
728
322
59
396
202
687
266
771
801
358
320
772
662
166
514
465
734
101
579
205
771
59
226
404
958
480
313
975
19
645
811
19
392
560
907
929
363
601
878
72
16
657
989
53
44
435
297
45
537
755
706
257
581
674
142
384
113
660
515
419
644
512
257
58
746
150
567
732
76
176
32
835
253
535
17
806
710
622
603
208
462
771
87
30
650
338
115
29
133
948
895
649
916
916
628
323
561
850
394
42
193
257
420
682
708
115
331
746
681
596
243
287
387
99
166
214
300
581
763
71
133
700
179
357
439
789
584
10
969
647
586
543
662
383
471
0
826
985
581
86
137
209
895
367
924
591
67
176
241
528
180
706
821
433
609
802
481
591
137
395
615
562
881
14
39
904
707
201
466
261
748
654
434
448
371
754
660
201
161
846
51
79
641
538
674
902
878
141
830
261
35
673
742
350
739
284
808
502
798
289
737
788
564
589
912
111
689
997
23
487
133
764
207
406
343
819
368
288
549
57
538
292
395
186
98
599
405
516
220
766
203
916
994
761
680
15
910
616
550
957
858
573
731
31
593
176
576
721
145
249
787
59
600
280
51
569
184
377
91
747
113
820
214
343
521
80
125
881
338
455
719
124
624
821
14
923
621
866
634
792
499
199
876
190
822
669
737
570
316
33
809
996
537
827
651
124
123
126
335
831
686
154
343
944
957
573
643
843
527
264
151
389
730
37
99
55
726
903
160
273
328
322
266
204
961
193
134
760
523
78
937
892
544
84
594
547
502
528
365
587
403
62
125
754
929
696
5
33
654
953
204
986
450
208
651
574
694
408
587
943
806
548
464
140
314
848
300
619
751
10
489
928
589
119
183
908
732
315
790
441
792
552
793
114
518
935
295
335
522
893
687
781
111
292
295
940
841
651
729
83
915
416
555
526
840
745
361
999
792
874
10
123
97
672
467
651
303
124
875
426
578
412
469
382
738
459
755
104
426
344
590
678
342
893
751
272
930
182
192
463
184
937
356
113
261
837
87
594
777
490
675
492
10
552
769
639
100
564
384
979
391
461
957
250
724
317
8
611
669
115
406
481
73
373
928
74
808
738
80
619
121
69
203
209
46
190
63
386
768
539
546
754
213
924
532
866
202
388
419
994
238
379
729
703
958
833
404
568
126
92
169
562
330
698
574
100
753
778
715
580
979
157
380
744
87
802
934
225
796
319
811
370
362
44
508
38
403
97
754
463
259
39
520
227
625
476
377
857
785
504
49
906
160
397
35
898
411
163
695
325
548
809
645
582
603
696
323
483
605
289
918
644
355
783
784
403
737
191
471
149
689
980
238
990
859
23
538
523
644
307
275
465
945
446
885
379
918
100
26
472
831
198
270
971
281
240
678
388
310
23
269
652
980
505
829
998
177
455
710
696
253
581
255
625
628
451
78
924
47
708
629
283
589
635
379
127
307
109
404
491
53
265
191
665
304
156
866
588
934
610
955
485
468
815
549
776
507
603
413
806
441
891
457
598
444
28
44
493
947
307
368
389
241
376
360
25
239
41
409
606
412
163
501
148
979
611
915
452
810
346
686
13
922
31
552
127
248
758
443
960
63
582
733
100
735
888
365
839
198
548
54
22
897
62
55
268
752
741
420
768
467
892
892
404
813
970
592
384
148
948
909
997
641
786
342
422
290
110
370
504
433
352
37
722
193
943
725
87
613
995
148
0
101
334
732
447
917
33
572
175
308
314
942
319
366
218
586
381
974
621
938
263
908
955
507
188
879
795
357
841
231
935
871
152
497
979
738
691
272
647
776
294
572
748
777
275
578
795
282
558
344
977
154
457
859
847
858
922
551
285
313
543
946
119
529
188
117
231
962
20
328
402
336
523
969
607
795
300
73
529
979
558
371
94
158
481
346
153
56
519
94
282
846
565
506
164
287
256
965
935
47
829
27
780
128
545
31
750
240
919
535
832
922
808
76
897
273
452
253
84
368
182
695
980
39
214
843
229
267
576
20
782
397
394
243
442
925
563
193
85
75
223
920
540
425
919
854
53
608
861
335
742
214
901
190
689
617
167
569
741
331
912
94
424
138
160
717
648
330
975
547
585
857
193
951
944
982
209
326
158
951
473
662
617
654
239
800
164
456
947
47
647
954
413
656
1
168
459
229
409
99
960
306
749
741
144
498
361
604
888
822
769
969
915
340
442
525
255
785
194
311
95
947
648
612
441
501
670
899
670
87
27
780
722
337
765
340
537
836
651
63
362
341
881
875
808
751
149
621
691
12
846
659
846
663
164
213
721
377
250
664
238
455
632
201
537
524
357
642
632
200
626
724
250
540
906
633
644
473
61
884
630
981
204
696
556
465
878
794
713
529
577
931
998
624
541
390
968
608
162
315
968
987
353
101
108
746
392
686
146
847
607
757
76
408
824
505
823
83
372
445
469
656
512
896
11
496
726
879
77
32
71
370
101
370
646
424
283
864
0
879
734
989
616
180
897
26
383
571
49
154
32
972
610
203
465
586
128
465
446
329
555
329
936
620
405
783
19
384
469
844
813
488
878
255
73
885
201
535
284
34
470
402
239
482
538
429
530
934
106
225
186
407
742
622
538
84
121
367
613
17
573
345
907
668
379
233
473
733
24
769
459
121
275
191
645
75
258
499
719
880
173
154
326
989
386
443
783
303
839
574
823
887
567
412
958
328
427
647
27
998
42
431
240
973
307
117
373
211
7
832
914
571
900
553
486
743
931
597
597
841
923
544
879
750
319
896
755
47
706
845
706
350
595
970
720
402
147
392
204
950
371
472
289
652
531
427
238
849
325
464
856
693
304
888
959
466
33
642
101
71
83
790
155
240
551
392
14
635
15
603
550
817
60
72
560
54
319
794
377
512
284
350
954
944
531
188
796
40
209
12
921
418
659
992
594
408
666
453
942
461
234
156
543
998
548
595
577
767
908
739
692
30
724
861
777
622
695
710
394
315
99
941
753
404
37
469
722
970
784
235
797
539
448
214
323
467
689
989
114
568
429
577
923
593
778
681
1
803
745
380
412
447
611
263
803
410
958
994
616
970
997
481
174
410
526
604
493
435
605
115
110
984
294
226
866
516
496
541
684
266
676
968
671
680
837
814
138
704
801
36
849
164
477
120
301
190
920
763
723
730
718
753
633
145
756
633
37
739
83
549
664
399
741
648
431
138
29
686
571
330
211
85
78
749
437
382
374
963
121
640
455
749
886
217
544
40
811
466
111
346
815
406
824
952
88
414
680
793
719
132
209
643
128
450
166
600
999
343
502
228
222
749
229
494
739
650
926
264
702
992
517
525
544
923
464
31
696
703
198
338
711
516
224
856
995
263
220
49
88
158
432
678
458
911
411
787
472
909
519
47
810
200
43
257
19
193
13
416
153
399
36
471
737
136
348
636
784
416
811
596
804
631
112
324
378
474
411
150
720
200
623
590
394
535
116
792
66
651
722
249
96
330
720
966
577
639
50
716
436
360
72
845
408
222
627
436
825
402
786
333
73
302
539
340
299
279
822
752
130
381
763
140
472
44
620
570
140
938
804
92
763
837
607
504
918
224
851
751
956
738
420
395
950
124
702
155
160
317
515
532
264
188
900
365
543
536
180
263
412
495
273
807
176
650
339
314
900
249
63
988
126
456
285
484
307
973
244
112
814
613
120
568
582
443
970
778
814
260
190
945
670
994
570
810
879
890
234
390
156
884
688
973
292
679
992
533
523
686
786
862
320
51
209
801
826
294
640
389
235
323
844
253
911
477
333
393
477
914
486
736
148
29
124
479
209
714
163
936
116
530
875
730
723
179
873
513
326
522
810
378
226
264
747
494
481
135
285
816
750
895
940
692
430
793
694
629
570
391
584
155
225
429
139
848
538
553
494
670
488
587
165
238
302
952
631
543
697
241
950
106
901
883
88
86
464
139
322
356
106
848
651
297
574
388
310
843
922
504
778
866
266
676
900
877
540
424
620
398
900
457
405
691
919
859
533
322
500
503
52
488
222
354
490
270
375
51
737
160
623
46
346
779
922
57
603
507
463
306
958
910
900
579
692
913
703
587
744
525
320
922
873
772
890
969
55
86
128
812
415
931
556
605
161
340
306
614
423
843
476
187
352
771
167
289
170
70
362
343
213
969
510
256
92
830
889
9
807
101
589
309
492
591
461
787
581
58
184
800
514
906
126
919
135
330
343
666
456
646
627
859
608
220
356
795
425
319
440
302
294
280
522
218
605
529
648
482
360
951
495
67
410
260
618
810
559
541
322
199
892
607
87
307
445
905
453
153
525
406
346
468
80
97
211
21
501
589
54
543
39
40
778
714
387
852
283
455
979
682
242
702
265
443
129
218
823
492
636
646
867
901
419
63
881
246
628
445
200
958
349
342
766
506
711
809
455
575
230
108
401
972
525
435
915
238
462
558
907
113
287
901
895
352
176
970
972
554
137
203
738
209
161
635
849
936
985
45
932
736
727
36
739
663
222
929
814
206
698
489
469
277
649
258
414
109
165
899
934
593
78
477
392
18
285
570
971
6
580
145
701
772
224
418
910
559
64
516
263
629
48
185
305
34
582
506
642
734
989
364
963
799
720
535
485
796
566
759
265
600
43
265
814
279
472
180
877
312
945
257
209
407
548
328
587
742
514
296
1
47
949
651
334
689
737
540
901
596
327
366
343
250
276
706
436
653
745
764
934
487
148
739
185
10
339
715
678
812
992
601
487
462
560
738
733
289
582
272
845
926
253
386
409
833
250
447
826
385
448
847
531
991
548
702
329
432
473
198
591
872
622
200
606
645
635
966
266
445
803
752
175
893
579
1
754
768
81
813
316
208
608
641
345
403
439
999
919
101
777
725
146
806
951
561
612
832
761
19
922
968
181
999
993
502
438
765
799
882
429
255
327
21
149
670
60
545
96
434
278
606
303
76
475
963
615
993
644
61
119
885
784
198
646
993
983
741
457
228
516
541
490
857
22
541
412
66
456
940
731
121
11
719
721
231
693
129
506
299
819
214
105
544
858
243
259
11
227
765
569
848
45
212
500
960
357
788
97
169
736
409
892
490
449
668
696
9
45
734
252
4
228
63
106
632
650
667
545
329
267
763
258
62
342
820
55
24
416
421
807
591
49
666
895
153
476
928
931
472
31
573
185
319
587
701
622
425
141
467
474
781
35
730
943
466
666
831
71
91
196
30
315
400
415
237
704
361
328
264
67
295
599
594
509
496
740
556
426
966
607
70
700
454
29
871
172
312
158
723
376
551
620
264
128
359
974
540
83
926
362
823
663
17
321
969
13
220
107
392
642
941
732
679
729
277
671
614
822
140
254
586
534
736
948
282
371
698
49
885
12
357
389
243
88
155
40
222
923
622
213
244
49
912
447
604
687
648
300
843
161
242
838
762
654
41
992
974
783
59
998
931
263
121
797
453
29
834
97
997
956
43
821
157
307
141
765
376
680
306
944
97
584
261
122
966
482
366
685
504
921
855
647
114
648
183
830
796
616
744
376
771
268
174
728
334
758
230
170
984
106
640
496
45
904
275
837
34
615
76
438
342
421
802
633
895
427
298
893
538
917
866
873
19
303
539
513
93
251
648
874
430
432
253
135
922
900
894
988
571
625
150
448
650
982
393
735
556
924
486
885
52
305
108
959
569
674
359
724
508
744
967
465
392
101
790
681
837
905
724
507
563
485
169
269
64
192
902
703
479
767
896
98
749
175
578
592
761
343
341
189
471
513
143
122
568
679
894
842
338
818
727
46
440
93
472
267
126
296
797
315
131
393
435
89
506
308
903
566
143
123
378
112
667
409
404
690
948
889
721
631
421
156
836
152
613
734
743
517
670
986
276
104
716
652
387
629
367
412
1
293
271
675
761
890
660
277
642
797
471
174
772
27
225
474
47
934
998
821
659
992
244
81
734
202
190
797
909
114
88
474
187
403
102
97
783
766
381
888
836
239
142
452
738
922
819
473
885
516
967
396
367
734
358
865
943
548
749
624
749
108
88
595
568
858
431
138
430
97
252
615
208
171
243
102
24
849
598
532
519
574
852
617
679
133
694
623
50
284
870
122
902
808
412
162
61
664
278
307
117
565
290
270
344
398
116
488
577
283
847
632
388
72
306
118
504
833
752
943
469
36
171
909
788
417
391
379
223
790
727
878
333
712
158
512
354
228
219
254
337
12
674
536
983
965
267
193
638
572
274
92
162
153
946
902
123
908
374
971
944
171
542
401
100
301
242
241
992
777
870
92
349
96
866
881
436
922
957
300
924
596
269
883
766
534
750
234
497
747
285
294
77
82
351
687
158
297
619
206
871
489
560
990
952
948
900
767
462
547
195
293
702
468
896
719
941
241
363
155
343
548
175
679
274
942
367
171
262
551
820
242
883
47
485
712
471
523
388
957
27
324
265
494
976
809
989
189
427
924
53
567
147
90
145
131
403
932
744
483
264
579
714
619
816
264
642
942
389
225
381
823
733
472
459
549
183
197
737
432
220
220
25
864
112
209
847
846
716
712
464
545
129
457
897
882
778
248
793
68
726
347
596
362
569
412
405
605
423
590
904
701
804
909
57
948
171
118
228
954
760
678
866
947
916
454
900
757
461
659
824
38
735
556
845
250
156
492
372
489
123
848
709
807
207
259
739
790
223
644
341
574
45
729
282
620
38
781
448
320
677
244
369
632
724
456
19
562
400
140
523
407
703
589
557
299
705
321
482
865
136
87
150
780
926
38
916
64
905
434
697
262
158
297
666
790
383
787
243
647
122
56
389
570
600
811
251
285
109
4
186
19
315
700
642
944
766
401
709
362
908
449
818
804
259
964
438
372
134
162
41
140
806
939
536
278
769
605
877
280
649
264
983
910
43
894
110
647
322
574
23
688
73
7
752
453
706
258
410
494
901
976
136
118
7
666
904
6
254
216
868
944
79
665
685
656
861
73
270
597
231
912
392
525
172
487
471
174
645
734
40
649
679
673
45
760
611
481
639
296
588
198
287
474
797
354
961
868
828
913
901
125
239
757
603
509
457
726
2
234
97
166
886
287
648
18
876
559
853
860
370
575
958
749
392
490
69
465
45
606
245
603
624
691
431
991
732
636
725
390
22
278
10
532
54
893
429
829
992
502
488
814
334
743
153
841
660
507
380
224
223
657
186
770
658
964
843
307
223
494
884
333
503
669
764
5
62
871
417
728
758
338
434
741
278
676
568
748
454
553
838
195
506
971
922
258
665
964
887
164
265
271
32
878
520
60
171
900
545
978
728
639
793
110
957
595
110
322
103
404
955
497
695
584
82
951
607
703
47
22
703
272
916
675
400
678
230
174
91
735
723
104
519
4
143
943
766
20
210
661
771
308
519
855
987
905
947
777
269
550
672
863
966
241
126
222
845
151
5
336
24
728
313
367
617
5
770
985
225
398
950
185
672
24
702
30
822
724
26
181
904
274
129
794
738
356
738
364
221
663
976
750
486
284
301
841
11
894
318
247
58
843
471
314
960
605
179
739
547
275
825
487
973
696
158
132
653
389
20
57
540
58
500
115
952
343
61
11
576
33
792
661
421
537
479
740
369
230
810
33
680
282
694
627
895
90
675
512
269
823
256
577
756
42
324
755
476
637
380
402
901
60
500
680
630
946
84
411
311
663
713
693
135
71
204
549
763
150
155
715
340
608
858
592
12
933
270
547
444
353
126
328
181
578
918
388
793
434
705
796
757
221
122
626
982
868
487
65
348
743
723
152
143
538
766
962
429
894
428
727
846
648
239
539
844
791
873
268
802
951
242
25
775
258
209
173
311
758
403
443
511
58
246
572
363
114
145
500
485
890
466
370
28
326
707
918
967
80
706
669
228
971
691
431
66
172
508
882
463
121
253
623
127
362
841
650
498
859
126
456
120
779
101
457
963
663
646
76
937
640
116
978
581
411
480
850
337
271
5
244
18
425
319
697
896
499
976
759
729
691
497
787
233
127
969
87
63
807
941
363
855
883
676
663
871
739
310
431
385
749
185
735
252
801
423
550
431
425
631
199
819
692
86
977
164
506
130
801
796
801
579
110
476
493
566
690
80
871
599
448
125
948
867
520
361
270
840
816
279
465
817
309
774
715
201
935
558
454
211
234
446
762
196
888
948
651
510
20
578
506
201
626
809
119
992
923
37
268
878
300
709
733
155
877
885
316
246
967
618
753
833
935
545
454
20
63
684
856
863
204
674
193
663
986
602
195
316
99
220
951
637
414
244
988
696
540
363
515
210
662
692
774
431
979
224
833
263
462
783
512
621
635
596
296
405
858
451
699
234
828
201
155
961
427
312
751
213
774
238
315
272
609
193
369
250
523
353
990
25
769
890
632
102
144
596
987
504
360
505
603
39
211
906
595
574
325
590
292
790
526
776
273
228
370
956
375
142
266
590
250
943
796
896
891
188
717
550
382
738
382
118
751
782
132
169
668
465
193
697
454
358
849
415
769
258
487
586
411
182
909
469
481
643
642
781
989
844
198
325
164
785
466
689
916
981
34
548
730
805
908
758
633
170
762
677
271
526
898
478
889
744
352
560
559
299
217
950
882
249
424
351
890
191
62
796
492
686
242
69
737
766
640
256
794
934
822
135
62
588
337
236
318
141
110
908
288
394
644
110
615
792
383
543
892
682
384
467
294
229
519
273
364
760
331
643
739
237
864
881
204
505
735
473
221
572
307
789
119
828
791
482
967
205
350
544
214
301
362
442
571
151
62
196
841
391
671
820
75
268
213
111
659
423
119
889
538
383
180
256
497
830
982
69
54
331
513
512
275
533
530
871
841
688
378
474
442
127
706
142
475
783
64
93
8
36
599
494
217
338
85
838
538
778
477
147
449
799
333
913
496
964
547
411
347
92
600
559
571
629
942
950
889
889
462
302
326
915
58
471
711
867
681
854
390
374
488
873
195
29
350
392
833
279
776
348
805
734
387
759
98
908
489
847
696
135
730
312
947
904
179
645
775
948
548
755
112
253
612
346
400
88
471
481
922
627
903
69
252
763
616
517
457
271
181
741
964
245
737
718
737
743
184
534
525
522
868
377
110
763
499
259
20
645
837
560
303
595
315
779
874
710
899
39
941
324
200
765
497
270
94
579
965
213
540
189
93
520
418
811
82
300
298
295
868
896
811
1
323
987
176
929
190
893
647
96
234
343
493
587
36
391
174
732
274
44
795
607
188
435
332
895
248
172
165
299
627
164
366
392
995
263
897
475
553
169
912
419
188
650
647
489
896
76
837
262
302
706
32
943
549
679
718
375
782
191
768
769
461
366
425
536
235
947
556
206
17
849
179
797
495
370
204
381
818
888
678
659
403
66
281
754
236
479
371
512
638
258
103
960
559
34
361
999
127
68
692
781
281
135
172
643
358
292
63
739
196
472
45
384
318
704
825
819
774
752
896
358
598
744
543
409
915
131
41
16
146
845
293
125
525
536
910
503
894
347
108
830
932
608
871
761
651
384
300
158
294
438
505
782
816
980
770
859
887
558
198
358
298
945
643
249
337
815
357
566
643
147
854
58
845
963
624
978
582
598
46
632
352
180
801
914
472
308
965
583
503
446
179
398
617
286
450
894
42
145
39
52
864
360
259
292
524
214
371
127
450
31
187
212
464
399
260
990
340
764
101
291
725
17
669
349
236
511
390
302
843
450
357
132
427
510
678
831
36
693
21
291
869
206
783
471
483
242
975
576
390
30
188
922
239
240
311
293
702
849
803
648
593
118
293
612
350
842
915
23
665
387
321
620
1
831
950
164
692
171
573
515
379
87
712
49
537
642
486
875
973
278
213
405
670
792
339
615
126
198
606
857
975
597
628
612
130
493
700
87
743
995
811
211
63
660
587
955
709
257
286
707
659
36
776
84
24
476
514
848
751
320
99
329
83
534
193
929
990
999
805
437
201
33
397
931
854
528
251
501
65
154
458
321
949
5
128
438
82
128
735
765
236
395
966
489
368
99
869
709
23
758
622
33
333
119
966
89
939
231
570
762
40
393
495
488
726
503
346
337
937
910
446
704
427
491
955
32
394
192
683
581
170
63
753
104
271
682
219
487
899
525
182
62
878
617
576
142
364
909
952
40
176
291
249
231
646
244
446
383
509
145
424
717
883
175
211
877
955
734
335
714
306
102
761
894
16
15
825
550
121
195
559
848
395
634
87
452
410
202
11
860
710
449
448
930
958
937
824
380
798
918
606
446
188
599
961
101
825
94
663
907
514
966
627
572
526
152
370
236
858
114
111
162
592
901
606
165
895
505
85
218
539
719
702
375
589
514
689
855
821
419
118
483
587
448
673
897
270
297
830
651
900
590
836
390
751
984
526
341
889
659
244
274
62
596
848
625
456
237
644
697
584
682
289
360
560
55
355
578
214
160
88
469
538
124
271
643
328
783
941
685
241
115
18
673
404
354
538
88
866
403
848
87
975
974
125
607
620
542
790
107
186
314
820
670
97
591
828
550
814
318
791
953
691
941
556
850
888
605
264
728
111
288
592
668
469
692
589
284
796
441
207
865
406
307
645
233
445
235
679
322
77
576
487
156
634
510
588
826
638
817
70
677
643
72
160
620
958
48
198
819
436
332
120
159
983
654
967
116
705
661
221
91
466
563
657
332
212
145
847
107
106
993
78
242
881
375
843
443
447
862
4
688
488
91
318
146
40
840
479
570
210
895
280
126
239
280
586
299
811
529
850
628
905
346
655
949
6
242
855
998
267
145
482
351
20
682
494
5
189
996
489
294
461
55
821
270
746
254
654
519
20
292
55
70
838
655
611
304
190
172
703
625
654
301
980
900
19
278
738
348
691
56
688
229
508
599
521
376
615
463
248
642
122
54
692
824
941
213
678
488
53
657
815
111
916
488
663
555
730
162
800
460
365
638
745
348
107
669
598
495
872
983
253
105
155
465
67
787
19
400
213
474
447
525
347
92
2
292
478
927
549
722
443
784
375
890
207
213
536
124
930
416
675
228
136
880
857
730
914
285
186
363
756
768
983
732
927
765
619
390
46
486
416
114
622
61
229
529
359
949
285
905
303
125
75
296
670
99
609
454
852
1
320
459
342
775
130
258
119
917
219
705
851
674
694
126
951
822
540
127
796
328
71
558
659
397
340
39
418
134
7
800
236
908
457
260
799
355
700
803
303
160
111
658
480
752
140
66
201
311
407
360
11
970
850
329
824
1
427
903
225
532
495
276
440
273
95
321
316
535
609
588
963
59
634
861
578
124
7
683
631
581
858
927
639
902
481
356
180
623
427
218
342
75
172
646
907
13
752
703
289
609
28
8
407
993
208
493
900
90
880
980
303
363
266
361
957
938
826
957
634
419
448
52
558
149
699
594
120
419
175
474
921
12
458
987
359
863
277
943
914
142
422
896
28
598
522
98
561
113
247
199
653
32
951
699
501
952
744
149
997
879
753
150
977
363
191
537
95
640
14
71
82
628
75
941
546
609
782
325
534
238
197
206
19
426
867
161
814
246
639
817
949
270
937
414
636
404
47
718
524
408
902
976
805
368
676
151
44
880
322
855
800
871
504
519
151
950
696
538
229
357
284
412
964
563
99
998
335
385
798
102
680
196
41
855
770
878
797
128
848
72
315
475
204
38
147
588
412
327
50
172
439
71
386
937
470
178
275
860
765
951
975
638
112
295
908
7
706
250
522
117
153
396
772
270
998
32
683
643
144
289
454
849
104
313
286
292
991
608
470
793
619
643
199
721
384
430
537
118
492
343
127
675
987
473
593
364
241
721
564
135
982
561
535
253
195
543
188
857
755
601
551
884
140
775
946
907
653
116
590
262
674
522
671
501
50
658
951
448
201
813
586
683
666
354
9
589
756
221
680
892
910
96
578
335
253
240
300
944
529
54
303
19
568
224
551
519
706
500
312
920
540
640
161
86
544
569
928
685
721
886
421
114
948
185
387
7
369
794
329
148
722
767
782
258
659
251
131
101
631
793
562
909
323
710
900
209
859
393
849
625
307
824
768
678
721
416
183
408
365
856
92
171
330
443
729
951
454
552
110
443
261
48
649
814
236
611
560
969
681
903
727
28
72
470
101
211
369
122
681
557
181
448
442
450
902
447
684
734
830
539
678
309
176
842
496
533
619
795
633
715
965
582
87
283
948
627
904
735
504
203
557
955
348
453
991
115
387
438
33
554
815
72
269
336
4
22
330
743
643
953
75
522
427
674
43
537
171
557
845
334
994
414
40
126
734
442
463
52
139
332
326
176
636
99
128
887
613
357
166
175
377
923
274
713
511
160
233
292
551
334
903
418
187
631
621
745
568
997
85
120
772
590
342
67
505
200
347
822
991
989
973
506
337
755
729
294
909
323
780
510
399
27
555
744
735
98
208
865
86
584
662
707
816
216
525
385
244
787
761
873
711
929
493
676
517
390
397
85
953
479
353
515
725
496
245
77
154
820
637
721
699
232
462
913
637
732
584
987
62
727
807
988
559
158
33
872
972
440
266
696
560
353
595
464
341
657
321
380
41
937
385
470
436
705
953
7
286
705
930
776
597
346
937
59
220
559
717
707
456
614
540
989
452
669
14
361
652
722
314
585
430
316
175
28
12
583
170
807
774
456
103
538
157
310
163
491
290
969
966
889
141
562
886
830
234
630
358
129
149
959
221
128
998
169
771
135
768
86
655
159
827
223
35
414
217
360
641
206
654
63
367
309
528
776
333
337
742
264
208
750
973
556
774
597
462
661
922
706
531
506
778
162
160
802
483
743
22
349
142
218
474
485
948
756
773
726
485
953
244
175
478
633
400
285
289
428
464
131
710
226
162
439
400
492
945
91
466
250
135
583
864
154
788
152
729
154
383
223
962
882
625
936
127
585
689
101
282
786
833
943
822
130
800
457
508
57
929
617
524
539
617
891
121
402
302
811
971
74
810
735
512
544
655
351
540
72
748
898
308
898
694
374
875
711
314
507
188
110
206
757
518
518
223
765
85
807
21
891
757
17
523
281
122
976
715
951
723
603
327
486
36
687
169
67
419
181
155
827
570
453
747
13
651
966
990
97
58
219
742
11
980
835
974
627
85
884
138
476
503
821
203
846
190
695
240
459
713
200
80
987
411
868
716
349
503
903
898
994
426
716
707
431
658
107
934
591
541
18
462
826
548
427
318
607
22
758
77
305
521
211
725
977
171
574
957
607
62
47
918
318
458
724
618
700
493
254
488
882
30
5
148
590
519
689
604
563
600
918
406
714
215
298
413
839
85
503
370
730
229
64
678
816
302
1
390
349
624
119
95
584
523
745
369
564
730
130
640
63
383
748
469
448
664
739
228
754
319
779
887
503
615
510
679
331
834
278
898
143
920
532
552
405
113
738
199
439
252
347
775
911
912
901
432
738
247
184
375
86
699
134
264
820
168
327
365
92
401
703
196
261
359
334
374
101
940
205
188
779
158
112
364
190
487
532
442
242
248
894
394
759
422
997
9
949
93
605
43
240
137
9
414
907
355
452
190
548
608
140
971
461
222
900
476
258
551
733
366
284
80
784
368
657
916
570
422
237
297
28
421
137
572
822
310
574
168
904
332
398
953
221
319
160
519
300
771
6
422
652
306
244
234
283
990
815
800
715
179
904
672
826
993
348
990
300
919
953
16
783
658
567
354
827
998
8
301
956
732
701
830
677
665
751
602
763
911
303
7
987
676
787
310
337
976
917
213
902
485
393
713
717
175
826
880
842
474
426
956
743
483
525
644
85
703
904
397
259
359
228
165
774
269
465
664
317
704
72
763
544
219
57
566
589
765
821
143
702
961
697
825
314
957
960
164
622
55
484
973
232
340
321
678
648
218
230
825
876
85
953
694
246
95
629
987
508
240
426
635
275
254
554
47
985
997
123
593
502
215
190
904
262
335
483
366
646
232
959
101
776
746
987
919
748
876
314
429
917
749
703
663
286
604
912
27
455
408
835
737
272
554
683
362
24
119
887
264
874
361
303
417
261
556
588
269
975
422
139
135
717
88
374
529
625
337
967
575
241
994
738
222
856
492
486
45
667
245
815
929
754
906
899
63
377
823
382
451
465
49
501
885
528
132
716
651
914
144
628
265
163
894
517
837
418
505
691
775
411
712
64
197
881
207
246
461
549
629
231
620
416
881
715
300
554
934
453
178
836
533
883
924
840
801
104
673
282
93
47
923
195
298
838
392
467
909
845
31
392
501
17
277
871
482
402
559
350
65
229
9
483
308
686
581
189
638
926
48
661
124
677
918
256
719
205
214
812
646
411
479
60
89
337
2
578
832
636
330
784
33
680
486
364
793
731
495
629
714
317
44
750
490
130
123
342
820
993
258
352
320
940
387
350
541
852
38
166
119
288
337
198
356
730
547
585
328
198
806
941
872
848
354
152
603
985
254
968
572
189
105
276
789
613
615
242
710
532
199
237
227
247
449
626
643
542
21
592
789
978
158
537
693
714
998
81
683
214
819
611
764
599
911
938
339
193
301
235
688
334
23
588
152
776
93
1
349
994
159
371
804
939
292
381
876
33
971
901
294
158
983
122
200
649
103
384
436
508
451
670
550
414
907
416
706
276
25
414
467
504
823
976
401
958
555
212
266
551
127
542
80
660
620
10
475
881
695
553
502
539
700
358
116
655
191
292
37
481
369
286
68
630
799
514
760
934
495
883
986
977
516
577
286
709
632
831
490
273
641
169
507
178
964
440
215
503
510
300
662
530
826
613
906
126
68
45
877
336
724
349
289
651
263
979
586
404
911
925
664
734
2
501
161
3
328
144
627
809
814
420
551
348
983
638
977
365
426
950
500
375
935
608
922
441
11
295
649
261
860
599
889
21
78
151
810
324
867
586
627
576
585
945
565
210
965
902
214
279
181
959
329
7
171
157
674
671
958
937
655
493
459
730
355
336
880
77
228
881
249
65
340
370
435
917
572
481
126
9
596
8
208
606
24
621
492
243
917
345
938
757
601
199
808
921
287
196
230
225
762
981
678
50
929
377
906
718
745
668
976
178
984
556
137
334
181
788
79
324
86
571
212
623
209
960
935
434
684
788
186
625
127
76
671
360
823
730
633
431
486
999
254
54
790
23
298
323
821
409
599
141
809
225
304
43
924
339
845
206
787
134
217
760
625
587
655
984
905
185
723
484
648
839
589
409
833
253
47
385
842
87
848
489
731
702
890
86
863
717
997
524
723
797
182
675
67
757
978
798
612
706
797
889
732
695
255
158
797
665
798
516
697
266
119
589
112
192
333
939
252
401
100
902
174
452
223
252
705
519
925
733
123
57
994
458
204
588
570
106
0
897
233
225
214
471
782
685
939
401
918
173
17
475
444
433
752
545
406
224
463
924
787
514
219
650
832
339
974
657
218
353
811
567
829
458
454
897
547
772
521
974
601
650
664
96
259
592
342
558
520
4
817
992
0
65
232
105
489
625
332
666
785
6
508
577
798
69
659
517
746
151
125
956
530
830
559
355
957
208
555
785
793
299
330
832
392
598
421
769
298
943
884
508
125
574
423
513
856
821
595
126
477
922
507
701
900
555
848
888
284
949
812
484
644
553
192
767
736
388
222
24
143
177
352
418
161
772
351
124
6
174
920
496
842
544
489
78
933
470
833
220
782
507
517
356
71
762
350
442
355
455
88
528
932
635
782
857
42
886
377
198
38
836
360
400
28
751
64
59
663
92
173
146
142
709
521
813
652
874
296
876
261
637
903
495
629
289
265
676
219
502
416
619
794
867
909
457
487
112
215
879
430
216
111
983
168
735
148
43
360
102
970
314
123
632
766
439
133
55
596
303
688
728
953
71
623
664
77
968
672
370
360
608
776
686
965
134
993
95
507
986
822
336
88
502
872
780
633
477
649
794
277
695
157
489
200
862
24
846
218
976
154
599
639
337
215
386
442
4
596
167
362
806
92
662
647
231
88
239
157
933
845
925
383
119
502
21
319
971
882
321
962
853
897
659
9
61
297
464
817
340
285
859
292
162
980
675
665
886
79
235
30
251
332
131
374
356
24
24
557
644
714
845
24
524
730
483
865
442
424
557
296
514
904
665
62
332
83
251
883
625
90
948
639
627
516
850
997
729
342
717
668
204
978
926
647
152
912
11
964
530
552
355
338
235
282
699
275
942
781
475
161
972
36
136
173
777
943
494
202
794
925
977
536
638
870
408
365
934
791
7
926
674
583
232
891
250
646
973
296
38
278
309
831
618
593
305
627
777
970
993
904
916
663
543
630
591
364
808
509
889
75
762
202
575
103
39
927
483
929
413
400
462
209
22
402
247
702
875
430
910
800
304
875
314
546
308
122
660
542
328
690
406
377
753
812
91
661
780
658
403
685
509
432
683
699
579
564
376
717
539
153
366
23
120
319
777
154
380
831
375
833
222
610
192
780
816
489
275
133
755
111
174
848
441
619
529
632
911
738
864
92
309
897
643
521
132
680
196
361
651
370
973
129
645
552
683
736
626
405
323
339
872
92
967
725
527
22
308
668
510
201
275
239
709
410
923
587
616
434
696
629
772
294
202
450
985
968
860
762
68
251
102
698
784
444
610
441
905
141
952
826
364
523
190
32
766
991
88
113
808
761
248
977
228
383
321
959
910
918
942
388
426
496
786
64
246
403
323
86
851
859
729
872
750
301
733
445
685
260
303
223
712
201
640
305
590
411
736
117
17
966
125
100
927
103
522
719
189
254
551
242
554
660
850
208
70
12
922
170
78
118
948
688
348
598
861
106
559
739
874
776
12
804
142
934
592
373
857
315
723
775
714
817
698
717
537
519
610
226
891
17
116
144
571
545
913
620
498
463
907
822
938
228
797
36
749
356
728
949
445
218
12
179
647
717
455
490
457
384
277
829
108
256
708
799
328
30
306
863
963
92
669
765
670
84
615
114
36
348
548
484
256
838
98
654
890
420
340
126
717
529
554
239
984
298
537
879
255
67
107
347
197
782
890
559
32
518
30
10
841
97
784
341
135
140
890
44
495
681
998
261
898
156
208
582
379
987
16
995
619
187
568
781
139
55
558
254
390
220
102
984
808
264
496
141
694
968
273
81
923
313
809
100
989
454
784
156
490
408
269
32
106
188
109
567
626
997
852
862
370
187
387
976
900
212
511
48
953
654
786
810
442
510
408
527
528
595
927
559
744
404
564
273
895
272
478
750
701
300
529
916
977
814
250
206
385
681
2
304
436
41
377
153
575
726
272
329
840
254
786
570
970
43
944
435
237
340
712
422
521
710
617
35
279
171
590
694
396
611
116
292
491
903
370
731
982
909
44
751
233
925
580
816
811
609
789
849
969
355
813
588
801
225
247
160
992
988
290
45
72
295
82
518
826
658
25
876
628
229
617
676
935
42
209
615
751
947
281
904
647
563
939
250
617
457
800
791
992
254
972
37
986
959
792
442
325
135
682
433
324
532
619
917
237
17
133
346
699
404
902
931
268
614
781
325
158
912
536
187
594
453
464
835
37
162
321
814
967
153
18
460
82
509
61
653
137
328
532
485
290
56
89
815
130
881
327
2
307
748
890
985
76
700
448
523
981
961
227
723
86
574
236
187
915
820
973
457
238
154
90
396
625
68
325
343
358
48
413
571
405
616
555
476
833
65
905
330
951
258
719
527
76
392
667
344
666
70
852
693
335
242
764
906
683
35
215
56
787
294
4
950
967
264
167
432
780
542
840
290
678
264
28
190
38
76
901
865
884
318
577
683
26
45
764
757
804
817
819
877
695
281
502
485
693
361
537
114
746
160
264
360
119
79
340
27
336
117
22
960
260
136
294
498
289
359
640
536
441
890
724
667
653
387
497
230
140
773
846
118
344
850
781
153
301
164
411
803
623
473
840
99
39
217
136
132
857
67
107
967
509
467
751
558
928
329
408
19
863
75
322
759
832
634
875
823
292
209
983
297
485
514
424
940
472
284
90
733
390
39
441
262
589
151
616
25
790
734
935
370
691
852
824
186
223
682
462
992
913
93
746
338
910
109
915
297
539
501
97
930
844
701
511
9
444
474
635
168
225
520
522
366
467
654
29
138
25
991
554
758
511
153
713
249
728
86
804
405
885
408
137
255
167
82
71
124
614
137
347
8
326
745
678
