714
163
220
812
732
170
933
356
47
483
443
711
579
566
361
95
331
961
74
949
319
851
401
463
747
624
607
628
877
754
622
957
316
168
514
474
892
229
415
542
805
856
486
297
427
564
745
168
993
923
886
42
31
332
888
401
794
389
72
500
306
87
891
749
479
53
989
683
157
928
163
198
126
619
878
75
702
533
883
635
490
200
968
148
730
5
513
227
157
578
216
308
348
18
403
721
295
647
943
147
787
886
531
767
221
110
47
912
144
519
107
957
274
516
420
742
436
868
289
65
913
242
236
891
110
207
372
533
887
401
527
949
891
250
516
829
725
808
742
325
404
876
125
472
876
417
703
829
891
531
908
269
824
106
439
883
245
681
936
397
189
711
70
318
848
322
354
373
100
930
678
757
414
737
517
770
358
781
620
141
704
680
294
84
151
349
85
473
892
774
876
197
812
182
530
225
223
712
424
353
413
979
732
622
995
178
638
766
187
4
671
81
786
325
722
107
106
655
939
841
816
377
867
34
448
137
94
139
44
145
931
103
868
148
234
994
863
364
461
600
23
225
781
14
99
319
277
140
22
93
43
502
276
85
659
750
141
429
710
128
498
497
55
210
68
971
294
957
117
265
822
172
694
704
617
720
175
314
579
917
757
498
987
693
165
536
310
351
607
901
374
820
534
716
360
358
27
3
796
772
833
837
69
270
964
950
527
714
131
218
312
265
764
578
95
378
990
52
241
640
130
94
691
82
171
798
138
343
852
513
662
171
601
830
357
211
549
518
899
329
674
915
503
620
208
338
569
392
364
246
640
509
746
195
192
655
533
123
8
697
883
272
858
646
174
455
51
902
37
621
122
601
265
73
830
803
331
109
695
228
563
634
903
746
947
992
874
222
778
71
640
264
916
165
483
696
62
284
419
418
832
238
447
325
620
160
503
544
474
664
157
9
662
501
153
436
489
834
659
380
795
774
651
73
59
731
69
534
469
248
377
173
874
501
694
922
718
659
479
113
450
878
597
573
449
425
611
693
960
956
857
29
519
259
360
343
788
582
381
100
646
144
697
483
327
823
140
467
859
384
769
41
861
124
525
569
897
466
393
771
452
746
7
324
591
492
874
270
635
403
246
309
942
961
742
670
523
703
964
422
816
745
259
60
433
973
528
492
610
902
47
73
345
81
426
222
50
227
732
282
20
581
4
246
977
469
77
275
859
226
698
45
385
124
383
734
337
813
2
904
407
24
632
19
252
964
325
231
666
693
731
495
11
608
227
770
977
753
306
263
425
291
290
692
737
27
554
595
64
241
840
410
997
195
538
933
607
816
148
754
595
862
403
697
44
521
520
366
189
129
433
165
890
478
889
912
821
979
96
792
468
716
573
365
207
157
23
372
535
120
963
644
746
11
328
997
459
220
830
166
791
465
749
577
226
352
930
957
448
568
444
719
935
771
477
735
417
456
724
178
304
793
887
585
506
926
101
717
645
899
433
805
3
597
891
407
278
45
777
855
359
390
395
574
623
169
188
745
609
314
660
981
111
78
507
556
24
179
543
943
108
645
358
105
774
33
183
307
288
983
259
601
101
209
209
592
751
282
983
522
200
557
669
768
102
571
579
202
960
624
690
734
989
907
904
99
932
104
445
857
397
140
219
448
535
29
522
561
731
235
401
628
101
270
745
903
210
253
947
559
141
840
546
102
724
611
251
378
696
576
329
454
970
184
557
775
264
181
522
909
654
23
54
292
122
233
941
110
616
759
864
814
636
103
267
420
574
849
740
360
526
363
286
725
777
854
989
595
637
287
116
472
246
235
907
429
27
426
285
361
386
310
237
428
136
64
696
602
821
975
365
458
164
751
601
465
16
18
648
104
433
45
718
247
246
802
667
756
653
549
604
380
398
581
686
453
237
489
686
414
782
876
948
123
707
790
406
400
289
937
993
513
601
549
538
597
554
0
186
109
235
734
728
700
598
768
528
44
313
220
473
730
22
569
685
904
353
605
817
702
610
982
916
116
792
777
573
317
382
298
156
627
418
976
123
980
200
764
806
934
53
390
837
516
303
876
498
557
594
696
997
501
773
213
270
794
3
262
562
509
998
875
38
611
750
169
82
528
46
116
956
95
15
267
261
223
231
889
241
221
1
459
400
50
696
987
417
122
550
880
342
81
478
864
875
705
154
35
528
844
430
341
574
898
891
287
286
792
272
91
341
541
603
98
876
170
589
787
27
326
316
275
118
283
754
796
343
584
482
892
483
604
323
594
113
636
317
670
452
241
880
934
594
497
603
881
966
808
42
258
72
122
817
299
716
472
22
179
335
917
395
790
149
316
704
711
920
832
223
444
491
991
401
822
405
292
750
732
761
184
122
867
882
660
595
140
340
493
446
874
718
996
377
838
787
937
419
537
135
508
616
941
759
831
273
496
225
491
584
391
355
582
552
843
303
918
883
354
28
397
814
60
800
936
671
16
249
933
663
211
947
289
594
477
211
428
2
824
442
674
36
685
582
190
210
317
306
925
799
216
358
84
194
542
153
790
410
408
610
14
759
282
167
422
857
839
28
378
954
937
949
284
966
76
335
293
747
629
0
780
155
884
39
630
950
995
198
634
605
578
636
823
809
353
391
437
290
497
134
981
52
887
141
590
107
830
114
341
367
896
44
608
546
208
467
719
646
663
146
215
93
474
745
724
384
980
327
907
248
853
197
186
987
647
374
652
70
304
218
548
546
681
682
93
313
602
29
635
775
183
649
282
285
716
182
722
744
624
804
803
168
41
637
91
517
460
204
233
228
742
516
245
200
933
494
998
771
444
979
7
555
911
920
63
410
355
79
3
45
384
481
867
710
351
225
566
389
354
492
890
361
164
333
172
388
135
693
144
77
411
47
942
911
785
441
777
191
245
791
789
827
849
482
652
853
852
470
237
63
654
585
891
768
254
910
181
340
499
490
495
898
475
630
732
688
291
210
413
441
596
835
635
30
782
844
701
362
348
464
486
878
4
367
311
910
872
462
756
27
654
137
350
535
992
420
837
224
545
327
719
147
373
503
449
50
812
121
792
496
227
994
516
200
334
387
19
638
846
272
526
45
499
854
818
680
294
900
957
172
702
835
810
474
413
319
371
675
14
928
394
500
837
234
132
656
938
847
186
533
516
551
366
878
206
838
870
88
241
291
216
377
566
193
107
666
430
639
789
5
144
218
238
41
326
98
184
114
708
329
578
14
725
888
847
410
316
524
200
539
405
358
27
993
686
592
125
806
53
274
259
308
879
861
105
315
729
959
430
810
311
429
476
966
343
911
151
990
993
916
898
246
677
958
400
674
1
425
597
74
798
373
874
44
126
955
495
160
44
901
464
340
887
421
335
136
44
79
450
980
192
59
768
829
511
338
901
46
460
546
151
971
365
212
645
49
273
675
27
882
601
215
196
620
681
791
5
233
386
454
402
865
693
516
855
107
765
820
565
739
58
46
23
37
470
411
208
423
341
430
394
341
150
850
621
62
304
246
915
20
859
886
940
841
637
699
563
516
765
170
516
571
439
977
160
131
572
246
911
874
477
338
616
158
165
43
24
606
65
839
196
646
868
780
165
312
627
204
864
918
89
950
382
236
216
608
527
209
509
384
334
527
358
10
496
408
867
251
183
672
95
869
982
674
113
499
360
522
283
404
689
802
334
436
816
384
848
318
503
421
835
534
305
184
467
162
215
856
948
225
951
785
190
708
538
293
62
473
881
92
474
878
411
486
904
810
220
317
651
511
557
584
780
996
477
650
561
735
401
378
708
184
541
539
691
944
223
987
775
240
868
392
531
622
913
278
123
914
176
374
14
631
293
457
794
646
916
802
379
828
57
809
127
667
236
355
185
742
439
975
760
421
829
827
555
633
640
869
83
761
15
927
333
363
67
913
530
599
852
938
5
501
84
393
121
207
56
37
84
392
543
469
644
460
640
842
109
321
644
888
108
715
557
667
211
542
50
271
896
532
24
311
236
502
118
359
438
607
845
837
953
213
162
754
713
288
178
943
133
253
553
546
545
252
942
312
28
180
495
636
352
217
948
694
723
340
34
631
441
161
775
200
484
390
573
970
73
583
550
512
64
470
2
392
640
103
863
193
124
962
37
287
878
714
788
177
647
42
645
372
536
119
107
64
984
825
620
776
930
659
423
103
817
794
764
398
379
386
410
562
704
571
441
426
238
538
197
550
699
21
651
186
829
287
67
274
809
865
154
833
542
945
67
650
685
948
266
911
312
407
861
783
708
659
791
25
508
375
537
719
707
47
487
631
678
738
861
11
660
610
372
640
234
277
502
507
983
360
233
943
745
402
19
996
531
350
66
993
308
523
542
250
460
558
966
620
933
903
164
437
228
369
910
897
498
362
530
752
20
202
533
619
971
657
720
908
345
569
631
717
945
131
575
649
521
69
388
376
959
657
156
206
837
312
596
394
90
125
700
211
111
455
497
902
818
662
616
765
450
367
290
754
153
218
936
234
119
345
868
612
408
3
913
584
364
990
553
836
518
34
921
154
28
634
930
6
171
86
751
794
467
20
662
724
310
190
293
872
281
956
251
991
820
10
464
33
628
108
313
382
338
141
4
712
328
880
220
204
871
5
434
128
840
477
424
462
333
785
619
358
139
428
940
330
759
162
203
219
770
400
338
810
970
698
441
904
518
131
802
446
5
887
475
497
844
277
868
973
866
704
268
490
554
533
557
196
757
950
144
372
505
701
838
468
842
708
828
272
866
721
658
368
96
320
376
866
131
656
141
396
490
543
550
599
609
113
920
671
921
604
946
366
605
703
545
497
293
297
689
67
529
517
749
693
388
475
596
431
722
346
528
312
471
50
620
192
245
710
97
671
353
166
5
671
315
34
417
652
401
307
837
36
839
612
682
98
100
853
867
444
532
96
929
172
829
524
514
299
833
471
653
337
336
177
213
394
934
547
56
170
488
662
946
769
390
24
579
162
62
890
369
629
645
237
139
716
170
354
860
731
761
104
976
425
873
72
774
171
99
805
666
471
575
128
206
349
813
952
660
82
964
421
483
550
122
381
995
110
601
640
430
700
666
822
734
18
761
57
749
637
877
853
652
550
978
67
180
444
925
269
339
357
995
420
571
92
366
645
357
819
182
10
21
130
96
620
58
536
5
454
892
390
393
349
282
787
13
252
560
466
468
692
769
464
855
953
807
721
158
927
84
162
460
411
819
953
341
310
336
232
63
548
985
401
138
691
536
107
572
671
910
643
741
434
981
630
333
233
394
922
597
794
149
941
425
208
510
285
759
481
550
406
36
183
455
586
460
683
241
370
563
736
466
163
349
627
993
764
671
352
944
468
232
575
963
104
471
606
49
586
386
208
270
37
904
499
378
517
276
951
986
283
390
602
929
398
559
129
218
373
201
233
717
801
338
132
508
440
507
798
640
52
505
47
685
618
126
147
534
357
69
861
855
211
721
962
198
32
232
754
204
934
713
681
253
966
863
203
362
696
241
847
327
639
160
778
46
400
412
684
248
408
411
984
459
77
759
524
100
325
27
97
66
67
138
348
405
592
452
403
369
333
845
587
843
727
324
78
254
12
901
626
2
577
67
196
35
518
510
204
641
41
516
450
801
47
864
798
631
121
724
93
38
699
507
432
662
304
952
998
401
673
348
809
234
236
672
94
778
497
24
654
904
344
168
602
229
182
830
83
641
103
579
279
261
357
471
615
22
198
344
614
338
780
247
749
563
933
407
89
117
915
867
853
646
470
66
547
153
821
490
766
830
724
758
772
842
504
389
407
142
829
97
890
839
496
536
193
369
376
371
417
648
103
449
390
301
719
23
556
762
168
310
517
642
54
777
792
400
463
681
395
706
9
415
63
609
10
493
506
456
625
417
474
767
314
287
157
459
56
18
30
467
898
31
554
450
936
582
256
844
270
798
862
662
799
548
480
439
797
968
412
357
445
684
825
725
448
17
918
915
251
32
431
929
120
521
737
280
421
364
847
105
114
610
653
815
633
358
666
123
254
566
570
74
382
944
777
567
883
91
868
137
229
555
698
112
781
792
328
194
379
132
313
92
791
519
180
735
748
705
599
409
873
355
162
469
601
242
686
600
794
401
253
313
138
442
971
748
238
744
609
266
877
980
826
721
200
410
103
636
61
848
757
967
601
107
190
81
386
693
829
693
447
543
915
863
495
838
630
552
46
997
441
982
742
888
583
403
506
496
265
393
918
327
367
127
450
2
611
946
749
342
945
106
918
584
370
719
646
813
464
17
786
579
492
953
956
962
283
912
152
411
303
177
196
427
594
413
417
747
829
852
767
360
758
147
924
882
816
886
605
603
972
898
701
110
974
383
402
585
258
401
79
736
805
411
212
487
768
919
706
348
255
123
370
415
57
419
469
471
839
766
198
307
39
688
612
545
426
637
28
926
369
461
795
299
551
560
32
912
904
94
840
400
591
123
347
32
268
134
260
381
533
661
999
265
35
671
514
714
61
253
493
431
491
430
998
368
433
501
310
841
11
169
503
202
279
9
79
62
485
130
238
518
308
734
514
66
758
667
284
3
972
181
283
968
996
281
527
866
30
543
456
238
238
386
157
415
980
960
960
854
816
185
38
255
408
910
157
697
796
471
366
657
672
288
361
235
896
65
976
127
811
305
748
924
278
630
771
460
49
476
859
939
871
344
993
220
71
831
826
922
447
815
787
169
32
906
883
663
148
739
53
74
172
503
956
390
534
705
64
939
852
225
725
249
360
706
882
25
139
990
919
506
821
25
639
461
534
191
157
93
323
907
667
238
917
53
22
193
211
758
789
273
543
123
576
669
758
108
222
978
33
144
950
660
905
767
535
802
759
627
363
907
513
956
390
560
873
671
309
368
808
714
465
2
407
318
186
410
958
922
248
715
301
728
605
933
407
574
695
932
607
699
113
749
643
211
953
317
5
145
84
495
241
793
573
186
72
943
141
317
474
391
845
352
395
914
863
840
852
513
842
566
202
129
771
334
324
196
417
535
141
48
345
235
130
446
16
644
150
529
767
401
448
256
352
796
30
666
567
362
515
741
196
694
779
627
669
106
696
266
481
187
365
582
215
231
487
918
988
126
532
895
907
10
387
41
134
397
547
900
707
998
432
742
811
727
792
972
436
974
755
930
765
869
81
409
929
432
445
684
45
539
167
295
28
469
816
93
83
693
782
421
782
688
487
559
408
740
811
368
514
357
850
792
123
905
164
364
805
649
271
221
64
774
195
269
136
646
666
881
250
506
827
127
604
885
925
549
625
387
409
435
980
555
296
519
84
699
11
395
790
830
482
21
625
933
564
683
2
567
461
392
399
718
893
352
521
600
109
348
938
430
261
410
238
77
177
436
639
46
618
803
648
996
888
976
587
322
653
614
149
334
357
552
279
510
938
539
608
142
428
247
510
418
45
559
324
286
82
803
269
104
93
398
727
223
335
545
906
154
620
819
975
247
623
867
238
342
460
92
879
882
908
27
914
812
203
416
259
475
429
759
661
612
423
450
951
473
243
829
531
369
267
989
155
229
270
21
951
106
936
399
865
120
35
308
66
414
804
912
709
383
625
141
792
533
454
418
916
664
262
535
130
267
934
952
245
356
182
476
566
958
17
152
866
165
628
413
609
853
27
163
591
311
95
904
941
840
340
770
394
912
854
204
474
212
43
64
865
201
284
65
609
670
717
884
686
676
52
643
235
605
926
805
686
269
325
534
702
658
45
830
293
676
30
976
80
568
172
545
779
407
666
723
169
382
654
222
457
706
5
58
677
233
279
794
596
24
605
0
343
829
559
58
673
960
258
966
263
155
207
488
911
842
702
140
340
209
585
713
175
170
349
373
466
471
19
183
615
985
486
653
237
918
244
66
682
409
239
19
212
953
438
623
145
391
412
737
286
29
866
187
860
312
584
73
71
754
694
287
281
127
753
415
676
633
762
531
732
586
488
347
602
733
901
228
581
562
982
446
370
820
564
455
189
433
48
281
264
245
260
13
368
563
540
267
655
202
939
208
3
431
849
730
46
941
26
98
351
29
858
38
109
300
85
74
44
240
795
738
696
598
152
231
222
803
834
572
210
356
843
68
131
733
759
843
435
147
343
701
763
463
723
270
531
295
679
38
430
242
52
408
116
455
95
57
465
610
295
504
258
325
304
486
280
72
380
666
710
924
385
121
541
817
182
329
358
226
119
185
175
762
656
615
143
621
541
773
339
181
240
144
987
376
316
535
455
298
663
557
170
660
532
346
801
321
222
876
69
161
608
878
235
812
257
386
981
380
326
728
602
103
280
211
104
776
900
404
322
617
505
510
564
960
396
645
67
635
655
963
898
736
856
809
31
125
77
510
283
144
238
159
937
405
19
635
454
307
212
994
150
665
87
273
832
802
748
525
23
233
469
730
537
763
737
270
493
96
560
94
877
237
928
637
147
554
165
877
560
75
88
363
847
485
126
412
161
950
801
301
9
729
917
92
431
126
120
297
850
890
36
768
366
951
145
909
766
786
699
692
651
701
787
797
466
857
586
977
403
346
327
27
310
415
697
445
944
180
577
638
11
398
887
637
3
514
957
437
661
682
696
277
778
341
650
11
401
58
557
556
99
97
666
490
720
798
104
11
55
443
904
890
330
176
708
228
192
314
296
897
187
293
320
628
434
543
769
385
114
195
61
99
269
343
334
983
556
434
499
656
352
429
696
751
148
309
383
63
503
866
253
379
158
592
824
869
486
479
276
691
303
217
605
872
812
423
926
972
518
440
648
193
721
784
806
211
950
825
109
523
383
576
121
337
649
230
491
851
611
65
535
198
86
679
17
919
621
567
215
303
67
779
842
25
859
206
22
793
122
686
969
811
658
278
816
741
808
27
517
258
285
569
709
860
681
705
686
525
595
345
725
243
413
472
525
693
260
964
980
734
30
114
463
916
36
537
174
285
79
12
778
208
863
178
123
891
326
708
423
526
778
74
188
467
434
858
70
289
720
318
891
516
405
409
996
370
874
246
687
500
666
484
423
479
853
930
461
174
359
891
88
166
512
558
495
246
676
502
583
64
786
528
153
744
402
990
259
129
168
271
518
510
597
800
55
948
996
299
647
593
594
403
781
504
422
721
236
37
513
910
687
503
559
198
824
727
851
293
928
196
57
57
792
648
900
771
150
170
888
987
676
672
897
551
203
129
603
359
5
869
275
713
967
642
130
244
341
580
234
475
199
591
777
32
385
220
323
266
65
534
932
420
73
72
554
795
469
13
33
60
910
315
128
720
293
852
264
566
99
211
37
675
637
488
717
448
413
384
54
407
459
788
20
155
482
339
768
508
263
263
724
836
77
593
386
321
268
578
69
399
456
768
119
609
381
561
993
196
391
702
857
49
128
79
597
700
867
927
999
565
982
892
57
571
748
333
871
352
432
424
315
301
414
207
100
738
795
990
520
2
93
92
688
361
956
316
987
179
624
815
570
947
508
959
411
716
113
754
650
888
421
601
993
714
138
140
479
986
419
789
143
997
609
229
431
589
404
95
329
364
596
991
983
577
800
85
767
381
5
100
574
389
408
138
265
452
928
44
302
979
290
536
329
96
927
638
227
569
579
891
372
603
228
187
977
819
43
802
361
848
871
312
449
540
92
983
255
109
483
450
780
380
451
515
371
336
309
817
806
520
605
989
999
876
44
583
468
918
163
810
604
435
250
944
694
552
606
811
888
874
984
498
349
358
314
780
112
714
469
940
421
494
407
392
543
578
80
416
124
334
419
776
412
352
281
402
400
461
688
659
664
143
107
360
517
239
436
261
701
56
269
65
836
264
139
994
831
843
643
440
221
725
647
745
910
276
569
49
661
0
184
443
434
8
448
248
776
643
140
162
869
215
671
854
264
529
856
837
388
49
859
357
731
241
779
384
558
91
990
225
456
644
218
134
59
17
347
126
194
900
38
641
717
107
631
390
955
957
703
949
354
890
114
498
394
46
876
490
47
393
283
974
925
886
576
457
710
454
303
711
551
328
622
820
360
440
723
685
738
377
246
551
204
256
829
715
374
151
917
387
694
650
350
956
568
201
240
775
576
779
554
173
435
603
289
743
99
458
37
576
618
633
191
887
910
920
71
588
195
136
275
230
358
234
33
551
941
130
949
686
748
459
998
430
122
808
730
775
914
132
122
721
261
223
593
97
125
630
958
482
669
934
184
449
156
868
849
388
856
292
83
431
398
796
359
949
248
531
813
64
184
92
606
350
553
145
525
400
861
814
492
159
640
444
194
605
51
374
314
342
389
35
527
857
364
136
923
270
545
577
999
918
329
276
333
330
88
51
761
801
729
828
486
473
480
214
76
937
352
50
159
496
912
908
732
718
552
844
500
566
849
950
555
4
378
274
354
353
328
888
328
455
677
980
87
91
753
841
251
959
750
598
94
57
229
410
286
163
110
13
752
391
820
116
589
479
751
456
434
671
395
580
190
616
990
97
165
593
575
9
730
507
714
676
857
906
88
329
217
699
771
109
960
295
159
121
825
331
435
187
297
832
535
4
928
477
784
465
58
831
143
80
925
91
143
1
173
488
501
246
802
332
602
129
163
617
492
273
732
723
507
608
499
968
863
411
649
773
118
543
299
138
307
332
920
81
970
433
237
448
920
381
924
999
232
389
916
976
800
270
913
908
154
729
636
844
126
222
621
746
605
982
884
148
24
441
16
513
655
600
215
348
501
961
364
963
945
413
174
827
695
671
740
305
101
443
527
343
818
840
8
225
872
259
865
235
442
314
680
785
753
106
157
634
1
414
860
66
136
220
758
931
422
973
602
631
423
857
89
125
126
133
383
597
340
251
253
441
918
123
124
491
732
443
44
781
814
656
994
73
233
248
392
261
991
622
390
546
525
249
182
962
405
826
765
715
388
128
430
84
318
329
584
923
805
375
784
745
113
740
137
699
257
372
863
358
167
702
308
869
746
566
850
410
789
610
366
351
893
199
382
264
256
311
633
119
232
561
148
434
902
894
742
309
212
379
57
32
643
656
808
798
835
675
720
993
905
578
287
44
562
476
633
815
606
642
490
689
120
287
910
885
690
385
419
251
525
731
328
665
469
224
71
38
811
814
557
484
141
965
139
688
416
722
61
454
902
853
959
781
938
203
504
629
23
17
934
320
840
6
529
900
571
659
628
652
583
1
789
637
669
807
158
372
699
287
396
546
178
660
237
953
505
531
471
485
178
98
875
162
283
569
80
989
159
788
515
866
899
674
612
730
661
77
596
695
413
118
211
598
880
36
415
870
769
793
846
67
640
449
236
90
535
808
152
17
751
119
697
189
866
211
830
902
969
26
954
251
181
154
166
70
458
456
25
803
416
730
739
242
211
530
743
447
691
71
734
106
270
49
720
88
160
329
326
893
941
843
787
124
405
313
401
574
366
93
279
306
720
914
968
478
865
904
23
891
560
162
270
822
695
502
758
544
282
736
513
52
757
683
115
512
481
197
359
498
758
142
238
864
885
893
370
388
796
823
225
410
517
13
124
72
672
912
7
889
612
396
171
565
901
718
295
561
319
180
166
134
0
615
785
81
404
631
629
94
994
852
431
386
36
508
916
260
436
773
341
390
513
889
504
726
745
689
842
67
712
896
376
63
47
565
532
712
528
828
716
210
773
610
871
901
65
410
737
718
518
97
222
68
293
562
995
770
325
991
832
908
922
886
465
95
55
419
420
10
6
591
917
931
123
149
740
815
561
221
592
258
68
735
910
87
398
597
777
45
581
269
141
622
513
242
215
884
979
862
652
906
57
526
402
149
71
970
891
550
791
487
13
300
889
155
463
362
917
269
799
163
141
614
206
677
632
680
124
329
809
545
384
750
654
636
336
276
860
740
951
516
48
510
196
65
209
482
927
874
689
661
558
312
457
367
198
999
20
340
725
650
676
328
340
991
705
996
755
732
392
472
364
501
648
388
17
636
407
103
833
787
779
875
181
312
541
187
441
654
288
825
110
76
600
592
421
372
357
19
694
850
822
457
102
926
818
518
975
201
825
967
537
848
954
497
166
296
462
78
708
678
689
677
931
265
225
853
518
703
262
118
262
905
594
843
538
883
986
24
907
164
178
21
636
782
655
868
183
963
734
613
809
652
618
858
504
871
75
137
747
557
441
143
311
228
111
787
563
752
605
694
921
673
814
525
453
497
561
792
73
404
10
475
607
652
32
958
272
241
802
146
833
89
978
467
237
785
843
133
757
304
671
964
325
964
465
860
16
972
58
857
611
729
535
372
775
418
303
291
896
331
713
412
298
288
260
654
492
715
937
19
285
680
187
422
906
402
247
965
49
332
702
907
224
790
79
509
583
785
561
254
940
929
535
114
661
894
532
475
927
879
637
20
173
204
862
399
501
701
452
461
565
597
898
954
411
5
351
537
17
502
909
100
239
495
205
784
3
983
917
0
795
295
435
665
803
719
211
157
842
963
236
567
895
898
145
409
25
347
348
717
92
789
461
255
703
793
448
963
666
502
996
488
820
601
967
688
723
822
543
915
765
647
859
591
251
392
216
238
406
125
248
980
89
985
725
956
718
548
492
206
92
951
92
710
390
31
293
540
783
148
941
884
106
485
653
458
614
450
899
4
734
462
73
947
934
111
354
886
121
651
909
933
848
256
930
912
229
959
217
666
549
726
834
925
68
914
63
787
91
846
429
670
660
42
697
565
910
586
632
427
476
281
735
981
199
355
241
768
908
844
751
717
432
920
617
835
464
920
707
679
478
270
675
889
677
605
998
646
445
87
338
854
378
580
342
698
519
117
38
172
64
962
563
282
397
902
455
328
834
709
350
865
955
198
768
674
525
723
875
363
656
450
997
850
256
640
70
686
547
489
300
366
453
86
161
964
927
195
431
769
678
708
4
325
615
219
432
219
112
369
699
951
898
359
92
677
843
343
908
504
119
804
272
203
951
882
933
215
378
564
398
354
143
224
106
344
421
281
169
281
937
945
644
191
727
193
484
945
660
766
746
1
816
970
358
511
745
436
403
632
2
268
304
815
898
632
898
957
73
644
372
816
622
649
81
502
923
141
32
52
666
650
629
159
73
38
961
230
472
23
344
186
132
312
272
99
812
477
241
25
992
695
424
540
697
868
861
296
219
750
69
216
959
262
818
621
214
141
885
900
952
359
918
626
442
116
330
868
94
308
260
103
37
287
598
976
151
390
78
762
738
465
134
122
57
222
955
944
836
155
199
676
813
512
274
331
955
420
555
909
511
778
669
587
236
63
301
778
123
707
295
607
900
714
264
38
826
406
54
859
869
731
475
700
11
822
409
409
16
667
847
721
33
457
521
898
177
124
935
661
171
240
500
11
630
332
78
960
278
178
765
419
815
522
804
879
533
302
237
713
7
621
657
373
153
583
37
400
481
738
872
836
569
431
753
708
971
596
477
940
731
55
397
267
22
195
63
544
224
930
643
94
323
464
294
230
179
975
219
711
103
460
821
301
298
582
793
379
119
422
192
310
931
215
995
271
300
572
415
60
272
432
624
229
560
766
345
542
651
605
489
589
367
584
401
914
602
608
530
262
510
638
244
513
387
576
162
284
239
735
785
896
761
411
222
33
555
4
455
266
93
974
745
662
421
175
953
688
285
665
359
472
917
423
661
299
423
877
173
133
906
856
32
926
406
503
43
238
510
837
739
446
124
724
929
29
774
504
905
571
990
925
956
702
7
357
174
462
27
218
258
223
490
572
209
571
540
184
369
25
280
686
498
766
557
493
532
422
13
701
892
847
106
48
549
179
560
214
107
656
538
259
627
717
273
847
999
219
39
763
806
349
730
427
511
78
724
980
549
174
199
50
862
104
357
214
366
939
445
76
649
99
722
333
918
91
125
445
591
410
91
618
820
439
674
271
39
394
860
197
978
448
382
445
692
746
723
260
451
771
601
723
628
244
677
754
142
806
98
705
252
675
316
163
977
874
587
231
701
149
483
364
918
632
208
832
546
369
47
501
528
822
192
345
599
159
136
808
46
161
538
704
171
844
317
921
87
890
73
7
710
285
635
613
348
827
344
944
283
456
510
829
418
585
358
344
87
456
598
522
228
457
187
125
591
464
643
216
388
380
472
106
742
948
257
876
34
125
939
480
668
925
604
496
443
375
672
644
79
235
316
172
763
153
912
982
493
986
178
628
171
540
381
205
344
424
425
822
283
817
852
405
920
818
677
58
616
948
233
795
732
924
487
522
127
222
486
524
697
16
534
169
271
380
555
628
800
811
638
198
595
931
23
699
476
501
461
120
589
77
77
342
809
599
273
496
748
442
55
118
750
964
986
764
646
946
559
306
419
802
646
352
518
567
264
389
387
648
279
828
142
390
41
828
667
383
518
699
142
820
249
950
520
235
300
151
987
466
75
380
333
153
187
272
576
266
75
112
874
200
240
876
144
577
103
455
341
274
348
733
385
365
31
1
756
1
910
504
666
839
797
869
721
492
922
450
573
952
645
528
628
761
812
603
989
628
854
916
940
562
453
948
760
947
838
906
942
914
773
410
886
949
977
635
843
583
518
506
561
963
930
264
806
143
623
197
514
555
655
543
955
629
214
683
745
842
113
670
529
762
444
513
405
201
721
111
608
222
333
453
592
594
804
381
180
414
997
406
388
721
344
371
895
573
27
774
631
365
124
33
874
5
417
985
866
990
675
520
372
644
601
717
910
726
353
106
385
554
473
994
29
498
699
589
820
271
479
561
262
968
235
983
140
663
686
191
241
456
962
832
554
863
167
232
559
37
820
629
513
503
304
654
603
875
615
672
381
271
368
673
43
176
403
459
444
620
928
533
702
60
866
876
671
754
723
265
615
467
865
584
209
816
582
420
592
151
389
74
6
873
448
848
424
112
127
481
301
743
739
665
133
438
720
720
534
592
344
444
370
490
965
695
757
419
102
898
394
419
667
949
516
529
268
780
130
148
331
599
980
422
170
6
834
840
119
839
868
526
20
878
828
257
874
775
672
850
214
411
899
353
796
381
715
835
552
216
677
273
995
55
268
451
402
976
217
96
811
454
741
552
697
337
113
225
591
284
102
187
176
243
41
680
292
239
598
306
311
616
293
523
716
390
610
451
655
59
174
562
856
576
523
131
508
203
709
432
317
66
44
584
433
454
622
130
264
287
226
284
47
16
358
708
73
815
137
634
757
652
365
889
811
538
501
193
216
343
669
498
634
716
54
438
933
913
928
947
235
745
930
211
434
908
653
99
519
559
478
749
600
613
659
729
127
104
765
199
843
456
75
962
673
759
663
97
767
366
746
943
209
8
650
917
861
273
308
873
480
634
869
614
435
900
602
719
929
174
463
992
511
301
812
660
734
582
124
373
749
787
391
467
446
912
848
100
227
274
160
164
226
387
873
945
524
732
935
638
763
791
224
594
825
207
661
484
429
830
136
438
361
995
925
555
703
343
949
525
466
754
30
759
352
959
870
532
269
416
894
499
267
263
692
384
469
467
400
128
451
371
384
208
408
850
831
825
423
623
784
940
564
807
584
927
327
450
505
418
946
599
851
217
564
940
886
501
983
494
354
857
219
313
759
182
517
244
297
268
98
365
266
661
606
437
835
71
66
7
790
663
441
106
43
860
523
928
322
711
354
434
888
445
266
891
746
422
214
494
86
173
989
692
762
460
428
238
572
452
805
851
872
54
348
630
448
425
746
288
957
480
307
85
636
903
570
814
844
610
325
178
124
498
787
385
418
933
585
991
69
385
300
218
572
341
608
360
887
595
479
167
539
806
590
794
340
836
969
717
746
920
367
198
374
487
160
880
990
132
122
749
36
914
195
959
413
526
745
683
381
623
542
298
543
267
607
125
578
247
699
189
312
370
672
165
24
255
592
356
995
549
228
595
891
148
143
511
480
574
931
955
780
896
177
901
406
588
217
291
532
556
194
146
593
453
435
11
374
214
696
570
829
475
872
252
280
826
555
237
232
233
825
228
850
738
526
187
339
597
66
566
812
888
196
831
545
605
750
44
324
824
763
478
791
844
341
719
214
17
460
31
626
971
17
154
673
266
880
921
907
114
724
364
24
751
572
817
69
366
667
700
158
706
845
659
557
146
150
685
504
764
285
918
897
216
405
89
975
459
44
747
777
351
475
992
115
747
406
220
457
852
247
208
40
80
539
718
372
890
446
579
364
679
690
465
114
172
426
430
950
178
124
996
418
647
213
366
496
330
439
787
872
83
934
2
750
101
424
3
520
897
858
214
165
951
31
770
280
699
979
148
12
634
950
137
898
496
621
466
733
880
418
980
815
399
915
888
540
45
912
541
980
905
118
400
550
719
984
318
504
193
438
446
451
272
805
294
163
533
414
40
997
824
579
680
281
83
163
357
118
869
919
889
717
487
837
303
357
980
986
129
477
289
357
194
961
639
30
998
372
297
981
644
852
494
727
606
834
541
754
413
752
728
778
659
982
327
597
926
997
561
480
110
20
385
85
548
481
187
756
422
511
849
373
507
397
319
696
288
912
567
572
36
671
522
268
902
420
636
112
689
242
867
855
546
881
459
145
166
142
544
803
602
848
138
644
392
798
286
404
402
36
583
645
671
709
752
761
879
834
108
843
677
528
860
961
360
247
717
743
621
894
124
7
621
308
350
940
567
818
24
279
138
381
551
456
240
719
989
670
922
645
594
329
732
603
891
436
645
570
345
393
582
332
608
413
844
447
314
186
12
333
280
587
386
365
860
650
189
817
70
301
386
120
617
728
876
638
625
604
429
808
388
44
412
396
962
488
275
652
642
986
619
611
962
950
382
472
706
303
457
800
902
485
516
944
23
778
864
855
476
771
651
210
922
12
83
626
77
20
685
576
274
352
448
976
395
115
635
51
565
939
424
342
178
247
116
96
46
916
179
849
80
871
973
886
399
885
855
394
294
518
391
102
358
7
328
960
190
919
429
273
633
817
790
312
685
745
709
645
987
354
708
24
912
435
12
616
871
594
860
287
152
808
444
714
881
517
341
471
112
436
80
727
298
911
719
739
539
117
100
683
842
528
836
248
664
323
847
787
694
864
622
471
368
624
122
162
49
284
125
985
316
688
359
281
580
151
88
665
425
2
308
172
479
105
408
686
757
620
104
180
279
659
18
789
505
554
826
647
296
488
699
698
750
943
79
466
10
478
716
72
978
929
779
647
646
602
237
428
666
449
500
574
736
527
875
717
647
216
531
136
348
839
51
166
355
387
436
894
426
695
686
386
490
424
90
518
115
967
222
951
275
254
438
558
739
887
365
539
879
808
447
71
895
795
74
145
182
290
273
194
142
832
780
117
686
522
112
478
842
124
142
795
397
592
699
807
350
513
684
75
524
221
235
376
574
833
26
328
316
63
291
458
396
603
233
203
762
227
599
626
135
188
427
348
780
497
783
270
763
247
820
393
26
588
275
56
734
365
169
813
768
447
341
785
334
845
298
306
736
560
124
278
725
773
873
390
762
608
693
359
7
734
313
554
54
640
290
666
369
403
921
589
174
724
965
580
753
994
145
869
535
780
618
448
794
537
986
38
238
502
490
564
462
513
216
912
132
141
332
371
404
935
488
452
947
356
788
590
385
661
980
655
264
147
487
169
120
69
355
614
145
968
522
324
140
350
763
936
254
951
119
591
234
524
953
119
746
811
561
643
42
300
549
118
929
321
388
391
613
956
977
699
385
971
608
897
85
407
880
990
35
403
21
233
801
255
9
240
760
403
766
593
552
977
218
181
749
891
184
710
427
596
383
274
857
243
593
959
69
713
226
574
660
548
467
389
700
972
634
908
136
226
224
954
311
409
382
23
857
540
901
665
111
839
785
685
862
394
921
211
224
288
725
645
663
238
292
448
566
622
818
656
95
547
34
234
866
47
982
410
136
344
624
533
525
378
483
545
147
430
227
177
673
927
102
629
336
965
853
318
869
659
283
406
319
763
153
774
823
721
692
425
15
60
644
846
473
913
713
379
501
890
180
596
230
228
487
819
193
182
90
234
731
21
499
220
199
76
313
625
72
849
285
512
937
243
534
479
127
871
872
381
935
154
760
897
553
209
686
628
313
140
999
512
518
937
805
820
936
68
814
296
811
876
318
459
379
601
426
988
162
690
290
229
933
859
194
851
136
123
805
346
953
395
759
294
336
66
653
844
752
398
419
958
66
614
210
390
63
530
139
106
264
868
629
701
884
584
799
423
229
621
10
234
239
112
214
581
174
942
784
814
235
655
829
152
658
930
725
109
556
291
238
484
764
474
708
171
759
653
10
152
653
645
232
817
55
638
10
460
140
271
456
208
148
730
143
546
895
462
11
340
867
15
935
359
169
367
827
682
259
150
913
619
12
725
300
337
828
161
189
588
630
722
675
693
447
523
958
319
829
908
40
23
922
946
201
239
660
337
710
597
979
456
534
147
974
474
432
888
178
341
395
540
416
627
4
528
681
118
454
291
896
409
849
562
501
217
97
495
882
898
698
10
339
886
413
405
551
672
42
640
325
391
666
878
901
518
783
31
557
104
466
988
228
208
881
425
95
559
67
404
813
303
801
900
224
372
995
260
779
131
420
511
378
114
804
838
299
934
48
645
120
492
255
371
53
583
131
992
76
904
266
737
362
268
769
758
637
23
108
517
413
382
916
168
253
578
645
233
621
656
275
221
444
710
33
702
951
928
157
459
184
104
579
674
909
500
957
262
535
538
340
148
379
382
941
414
937
43
219
826
294
560
756
189
720
618
467
473
957
944
714
46
441
412
594
213
514
709
913
815
137
505
374
179
456
223
691
439
346
634
888
766
59
658
928
280
534
5
538
759
469
443
671
741
208
559
450
315
21
761
713
85
656
384
815
473
143
437
827
622
453
210
224
193
153
650
738
386
858
922
258
301
105
437
14
925
683
61
0
491
529
805
9
820
94
356
674
224
285
547
327
206
357
984
753
310
50
715
726
975
464
573
502
462
262
961
205
360
405
771
600
462
820
709
646
191
578
520
236
5
55
750
549
941
814
630
644
633
499
706
624
339
277
619
299
343
272
180
494
475
971
891
693
747
33
812
466
180
45
776
753
699
807
659
104
286
877
202
712
183
944
507
780
105
213
215
397
699
420
522
887
306
176
708
604
732
763
183
43
190
477
520
405
510
834
875
107
421
766
888
927
76
645
570
158
767
898
765
767
847
692
95
955
730
472
663
897
717
303
2
60
537
838
37
739
867
508
173
437
582
75
866
70
355
246
914
51
48
235
689
502
727
500
78
110
61
984
562
111
755
594
393
857
97
731
986
191
566
856
147
351
957
458
902
609
705
686
528
13
64
889
864
182
414
842
269
677
241
244
63
955
97
542
624
278
194
56
884
511
882
476
699
534
94
583
311
355
681
803
712
386
28
818
245
154
568
313
670
714
88
654
357
520
796
184
274
792
224
562
861
837
92
747
415
799
924
29
89
465
248
383
878
757
206
946
981
879
850
917
758
347
87
453
477
475
560
916
660
41
112
932
475
574
663
216
187
853
357
352
769
454
297
856
998
178
19
643
482
720
920
545
680
491
299
506
637
112
872
270
818
895
36
995
609
157
336
937
141
731
21
141
898
856
529
840
451
734
983
892
986
971
941
730
834
86
95
203
776
667
792
113
264
461
865
649
908
543
746
784
31
55
38
183
840
944
739
164
170
227
550
718
296
321
781
773
486
136
726
587
954
311
894
931
850
359
99
381
359
16
122
323
366
837
605
35
847
109
692
912
647
911
92
135
792
753
717
956
201
85
662
583
264
657
579
399
747
441
462
672
518
363
284
540
238
759
486
348
156
993
695
881
126
812
838
707
383
981
481
268
535
521
809
762
565
284
317
928
880
991
119
713
661
653
715
648
283
826
421
838
298
873
761
712
898
992
190
93
72
378
108
617
123
161
805
553
589
189
720
748
485
966
776
873
97
154
475
347
56
315
158
534
142
160
358
444
64
734
705
745
655
931
835
367
930
640
893
287
556
32
647
117
117
249
470
790
701
93
649
745
722
557
877
495
906
491
801
80
468
331
156
468
313
198
89
794
113
922
812
688
807
937
287
376
86
467
886
443
909
899
337
502
973
972
55
461
684
590
406
632
562
321
193
889
457
828
995
622
873
939
984
665
73
219
667
721
90
418
2
245
581
944
14
981
205
524
774
197
159
421
2
375
38
918
565
796
771
204
452
239
937
847
756
725
582
666
608
756
118
697
687
199
730
935
604
164
870
241
959
539
72
467
721
331
499
236
709
162
619
584
433
936
476
34
132
697
451
972
177
405
126
237
450
942
767
869
456
734
899
456
166
546
825
132
854
718
790
121
299
662
350
253
726
367
133
577
732
536
315
27
163
264
101
512
357
205
152
54
438
758
785
587
648
6
600
846
62
117
363
960
405
125
503
758
318
190
25
742
63
270
730
652
290
129
913
544
302
232
786
325
641
361
900
928
271
452
905
763
572
661
414
205
373
362
618
624
581
938
428
463
491
200
572
834
41
667
60
272
135
308
984
463
94
876
656
506
713
823
982
936
733
392
947
829
209
393
60
215
616
256
329
447
923
769
262
826
692
452
395
723
150
364
550
207
784
745
368
541
448
475
253
728
36
547
13
538
19
591
975
775
874
170
190
442
859
102
691
736
896
359
393
503
726
997
784
771
748
853
201
797
890
525
721
344
902
594
825
578
377
440
273
747
352
37
453
13
495
802
47
103
121
103
508
888
730
674
883
357
525
196
872
711
337
552
359
956
342
9
339
584
158
638
790
367
766
405
323
706
483
177
975
380
994
961
958
424
88
999
90
121
104
850
430
525
707
49
753
591
737
811
230
672
293
584
880
145
183
69
883
87
171
728
870
691
151
513
308
141
339
169
17
732
752
762
754
557
610
747
789
326
970
262
824
342
892
895
389
259
752
291
539
399
428
891
992
495
694
35
946
721
422
372
477
594
338
250
166
650
396
410
590
181
494
60
707
614
902
617
41
945
180
90
149
965
536
564
401
701
144
211
771
882
159
842
593
95
890
317
359
928
579
323
497
375
457
315
932
164
807
873
22
1
904
925
430
112
564
249
374
641
259
269
605
11
841
569
257
630
827
326
969
275
253
945
545
585
293
533
215
453
330
972
586
493
823
994
754
297
268
742
218
534
155
829
506
8
392
133
977
356
193
443
168
519
589
561
442
263
441
440
831
964
637
597
80
889
670
259
508
109
116
958
401
705
523
599
647
446
64
657
662
900
673
294
488
49
783
278
992
548
215
998
90
621
907
225
108
747
776
45
322
657
849
373
136
766
464
78
672
279
164
657
499
27
31
884
196
667
686
597
16
653
812
316
810
260
392
387
475
813
698
773
566
703
341
16
329
832
222
576
680
881
26
369
476
445
206
969
257
291
232
273
69
485
11
166
196
149
736
271
144
875
887
957
61
373
285
946
587
892
311
175
868
398
189
959
238
158
778
665
603
292
488
230
899
450
224
272
419
508
255
482
743
659
108
594
483
190
949
231
687
853
130
721
144
420
345
332
987
481
32
944
821
218
210
585
519
670
24
621
949
558
761
175
676
535
196
512
731
391
754
764
539
801
841
640
584
559
34
302
378
251
92
66
325
866
434
125
251
557
479
899
476
29
178
947
244
43
788
106
707
162
798
109
889
930
280
953
976
113
804
296
796
119
713
659
469
486
748
790
101
804
320
69
589
375
758
169
202
284
168
342
229
860
335
60
400
340
68
656
555
935
771
303
879
322
684
919
210
884
68
849
393
847
160
470
620
511
497
765
90
950
195
895
941
914
951
479
713
508
217
585
718
910
996
942
886
832
640
569
416
54
38
649
377
330
890
28
548
609
223
860
705
101
705
856
433
183
588
370
2
614
2
232
389
280
313
898
301
756
250
999
10
658
582
251
931
280
187
433
603
650
516
329
226
172
175
119
508
527
488
512
918
198
683
113
252
595
575
589
72
51
885
635
70
147
728
578
642
230
550
906
323
148
541
169
249
264
25
894
617
70
465
413
441
79
433
848
399
962
290
446
4
73
182
906
454
613
104
267
507
455
984
355
561
645
948
7
770
181
186
42
797
912
393
278
360
846
816
792
137
810
134
471
436
273
497
904
94
941
778
625
369
456
621
928
832
239
46
7
426
694
143
591
115
114
598
942
534
958
883
735
455
901
160
524
852
664
377
226
412
845
530
232
448
261
448
77
830
960
207
398
332
448
995
825
161
606
891
178
791
532
599
551
517
616
226
969
297
314
986
642
91
403
580
765
132
266
405
382
469
939
372
743
476
254
515
100
913
26
907
557
71
220
511
349
943
488
609
555
422
146
9
932
390
58
284
403
746
194
697
703
802
237
439
839
175
677
482
988
192
641
804
387
35
233
880
94
584
648
114
366
879
997
746
734
946
750
343
463
581
410
936
260
817
248
277
57
912
785
405
333
138
383
249
969
918
113
997
476
381
180
895
132
345
807
928
139
627
243
919
556
425
181
573
816
101
930
691
74
3
118
351
915
731
328
718
754
372
285
947
340
362
736
29
547
702
235
247
831
228
573
385
438
722
704
36
793
340
141
931
468
52
415
757
801
822
336
142
291
386
668
869
522
723
704
609
415
692
838
196
157
706
625
162
274
397
783
98
945
376
511
651
582
8
208
866
901
729
788
511
719
187
168
184
946
700
697
581
395
831
188
803
443
66
305
996
643
773
453
243
917
870
531
157
833
586
767
275
537
222
479
764
290
395
766
264
263
984
829
655
627
385
608
663
883
781
739
580
318
118
487
914
10
298
61
407
244
126
366
684
538
81
260
753
497
526
201
416
327
764
730
649
204
328
279
533
146
474
282
255
318
325
673
580
522
471
418
947
936
224
210
528
517
104
489
386
335
785
702
724
92
68
339
81
337
103
773
736
332
116
794
807
903
101
678
860
258
178
460
7
267
853
918
819
420
613
922
299
9
223
801
329
300
324
380
969
839
795
365
541
509
598
735
10
86
74
451
119
254
456
785
477
160
88
775
498
348
838
473
544
178
652
893
435
345
983
329
639
425
630
668
423
145
725
813
786
782
96
276
584
537
386
452
691
196
790
897
953
513
380
259
565
646
629
647
701
929
362
759
94
499
238
685
171
524
917
217
581
780
644
700
524
833
15
465
148
370
889
343
219
463
910
21
302
890
781
507
955
486
81
64
386
538
479
245
876
354
393
638
413
51
601
8
303
409
249
548
979
607
575
910
108
337
591
714
7
81
616
524
346
397
832
682
206
938
83
856
655
303
15
232
912
176
955
988
83
980
174
617
774
238
787
978
850
93
842
486
652
600
506
47
518
794
451
688
768
885
760
346
312
302
953
483
257
109
342
283
879
944
648
492
728
587
906
462
6
462
28
581
458
746
432
552
522
977
853
70
611
49
977
646
786
741
316
131
339
825
575
114
837
15
131
66
157
59
807
991
726
879
529
163
899
68
973
810
995
782
331
608
755
810
395
49
81
350
363
820
836
533
721
45
817
606
277
766
393
961
350
185
454
853
92
180
484
224
525
906
940
20
177
554
315
675
920
790
146
631
268
163
87
79
97
63
672
554
448
604
688
257
51
455
321
77
275
741
825
245
765
587
962
57
387
89
633
872
990
290
65
562
465
762
56
323
825
357
110
285
177
336
205
0
427
798
468
905
104
233
310
908
927
579
104
511
324
759
696
253
544
593
609
204
255
303
42
44
127
515
94
932
268
854
502
618
760
682
171
286
368
308
776
212
450
412
547
508
242
754
132
784
339
815
214
233
642
61
659
838
231
548
53
939
469
690
670
714
65
462
8
664
815
202
537
862
607
218
503
882
871
325
961
450
66
623
94
125
366
424
430
70
491
565
974
77
919
49
209
372
351
727
250
779
640
327
423
432
980
914
23
398
575
708
691
777
177
78
178
164
342
76
543
279
657
801
677
920
111
301
211
732
448
857
459
571
296
495
644
245
915
768
7
981
704
771
638
96
796
727
776
802
71
598
930
645
636
710
608
759
961
716
864
607
831
583
79
219
403
767
485
106
59
416
68
729
132
511
294
956
688
783
316
546
269
192
387
149
592
942
336
277
705
593
141
537
592
470
539
217
165
929
887
818
229
725
297
471
785
402
511
936
272
18
433
850
172
200
950
547
66
853
644
40
371
336
284
773
832
801
331
999
298
251
676
546
423
700
596
99
753
770
678
545
144
91
444
172
136
313
735
393
365
848
605
362
130
230
186
703
129
390
18
371
349
864
218
429
164
64
142
328
688
770
229
986
476
951
585
342
948
575
34
70
573
651
850
240
763
501
379
611
794
679
405
839
52
420
483
759
624
871
189
948
500
406
985
359
401
498
730
498
861
510
451
611
294
954
749
662
170
851
635
414
948
176
95
96
897
787
413
341
688
562
237
954
431
34
174
861
554
487
142
37
335
370
14
302
845
48
738
272
587
746
758
900
525
590
508
651
152
850
347
298
543
416
993
597
814
954
96
935
492
755
263
971
614
936
439
555
645
298
150
770
33
592
281
480
560
829
937
658
103
219
872
10
921
899
310
898
837
83
252
313
561
754
785
104
901
787
778
68
819
259
932
424
690
832
534
150
153
57
410
962
728
236
618
666
50
888
143
254
168
8
220
176
703
631
473
920
185
294
460
111
953
88
249
854
96
647
794
667
860
725
890
222
904
584
812
774
367
266
249
859
298
420
117
328
649
271
547
935
790
271
7
840
813
613
489
928
928
455
42
522
214
254
694
956
395
195
618
49
587
382
367
638
744
101
284
899
756
414
178
761
744
986
672
794
42
693
447
393
893
902
200
247
970
223
186
423
125
177
943
855
186
480
270
523
910
518
899
832
939
495
250
281
227
649
171
209
765
117
680
863
556
54
530
703
837
493
336
314
721
919
249
484
649
44
945
758
920
572
0
416
890
975
120
5
554
753
93
786
584
969
863
828
98
733
314
509
577
316
327
347
453
919
195
525
307
117
517
35
354
417
605
25
933
218
568
655
986
695
280
456
777
181
80
141
73
646
350
350
244
23
545
892
139
503
401
126
4
831
189
414
359
323
896
846
976
267
301
701
87
246
202
960
996
20
473
119
277
765
856
125
546
116
330
627
103
498
159
994
168
912
518
74
260
716
611
564
864
935
396
529
725
90
165
13
939
946
51
404
668
455
822
383
525
276
991
626
639
372
385
293
892
794
468
797
837
154
444
582
488
562
232
504
271
191
870
100
412
165
693
569
160
190
602
134
787
734
228
198
973
945
43
36
363
962
498
737
270
240
653
9
581
719
734
966
978
409
50
151
290
191
128
418
358
272
954
9
495
844
292
387
158
837
697
850
417
955
972
116
994
411
972
720
618
659
441
55
130
540
851
389
818
116
931
914
754
648
25
842
693
483
75
565
886
549
887
355
851
594
63
200
166
261
84
888
827
465
774
351
907
661
255
215
166
186
735
95
856
914
426
197
106
902
62
472
97
51
41
380
332
819
863
74
742
724
208
347
180
711
720
874
209
710
585
811
436
123
755
268
139
426
675
974
481
338
801
327
459
717
99
800
776
801
399
774
518
634
38
616
489
590
68
787
823
805
52
597
399
771
401
124
872
52
191
762
134
955
463
168
231
278
25
148
139
377
508
672
194
541
481
208
967
549
878
96
682
901
454
520
148
24
621
381
819
220
889
404
502
964
925
142
874
306
791
787
858
638
961
932
229
144
221
441
113
750
385
708
518
298
434
384
430
636
52
865
520
959
575
777
947
194
950
124
56
429
545
97
112
198
747
158
484
103
678
463
660
446
33
714
607
273
715
2
593
459
106
765
987
696
460
428
411
945
879
904
332
660
436
43
681
75
957
354
707
519
839
837
378
360
107
391
208
308
495
217
625
971
650
46
87
643
412
778
834
364
419
796
524
865
250
581
626
145
476
299
46
386
622
471
465
154
787
783
559
273
745
273
523
862
920
134
993
180
755
70
306
40
367
885
298
466
784
265
317
214
275
71
0
654
326
210
677
549
860
751
686
675
437
351
682
928
601
834
613
583
613
644
297
297
598
639
563
50
27
941
537
348
919
272
383
901
619
489
152
544
634
377
354
454
326
982
322
782
265
45
494
752
806
777
714
650
341
854
10
269
293
981
327
135
267
932
29
749
745
584
120
445
731
434
198
190
10
99
64
44
683
117
546
636
178
96
394
544
367
622
285
471
715
660
101
204
388
645
279
169
484
164
160
177
720
725
920
919
76
313
238
62
612
413
451
301
829
958
259
726
1
627
22
852
922
678
22
775
670
32
488
6
872
80
292
655
831
376
962
605
48
717
170
223
223
697
438
241
595
934
964
850
863
408
386
233
180
816
878
308
492
497
158
398
433
113
217
356
20
350
81
205
666
322
432
332
641
436
39
251
320
852
422
526
836
419
477
520
735
197
881
294
154
652
779
935
651
66
786
436
938
970
920
570
846
668
10
984
197
684
17
967
968
709
494
254
492
583
179
95
901
113
716
90
605
933
948
75
531
648
571
338
678
266
365
776
608
720
566
953
200
171
826
442
695
132
433
47
908
759
175
769
764
33
346
891
425
752
676
584
987
870
777
531
524
960
898
515
404
985
192
976
237
574
876
22
649
606
770
981
696
656
758
186
462
409
943
214
17
264
729
769
456
120
79
99
254
754
852
911
118
571
554
156
713
697
860
569
731
710
566
148
963
887
324
631
249
908
56
943
650
843
621
27
670
403
977
629
275
82
607
176
986
707
418
399
199
880
14
733
783
472
615
479
490
934
677
978
727
966
416
50
815
459
421
304
721
770
611
719
293
629
567
323
316
13
563
990
204
567
429
352
154
513
443
619
184
674
837
521
918
891
115
938
620
366
677
405
758
345
498
82
712
319
847
842
241
476
305
636
756
210
238
237
520
228
70
427
162
879
119
414
745
808
589
588
911
446
201
383
615
5
376
29
41
892
149
739
563
476
825
398
402
629
861
801
430
6
210
772
995
497
848
463
51
393
563
843
473
568
404
897
969
650
276
17
12
832
931
105
583
329
110
856
82
539
294
486
686
778
901
306
584
859
452
63
802
448
96
36
809
89
771
183
649
74
95
173
548
470
13
528
889
120
636
990
473
466
109
442
822
253
962
289
716
203
487
707
345
924
761
219
209
819
770
229
889
196
999
347
261
388
1
341
846
293
959
819
275
61
789
647
520
890
662
876
28
692
340
773
860
822
288
267
637
258
197
911
271
409
439
728
852
44
961
810
512
347
284
884
251
695
187
523
538
557
147
328
707
585
328
530
687
204
331
354
402
12
664
930
189
767
467
408
813
708
42
525
724
942
54
652
510
629
147
49
166
227
671
568
358
560
359
295
726
730
581
233
907
692
110
520
545
234
848
86
259
966
48
960
383
698
113
64
959
579
825
421
138
999
821
609
201
579
933
335
308
994
835
607
141
302
332
911
653
644
49
31
251
128
671
593
11
756
186
188
339
494
304
756
536
165
954
847
727
327
582
174
663
3
935
942
372
645
958
90
631
676
386
47
352
260
426
195
526
440
92
643
501
96
374
552
742
10
873
645
156
320
477
864
330
838
719
18
507
383
608
189
577
291
103
769
975
767
319
787
570
273
411
506
730
453
189
927
30
945
990
16
533
394
127
137
41
473
22
993
494
758
389
68
937
255
381
434
147
13
800
251
469
99
995
797
309
371
42
420
614
623
397
884
30
465
760
230
384
368
281
125
794
751
282
460
730
828
967
733
345
18
89
720
337
907
633
799
723
581
944
627
577
903
827
516
946
777
220
753
524
614
771
82
891
591
676
127
239
172
457
216
228
553
920
383
404
812
800
501
215
687
629
648
602
926
99
934
101
662
718
960
687
815
384
798
116
760
452
475
758
950
608
53
89
832
287
779
120
986
212
739
462
444
235
7
415
559
121
907
741
83
804
518
486
624
820
715
682
71
273
227
194
915
351
184
20
370
684
40
443
394
634
588
475
386
823
444
139
486
249
882
715
158
608
791
245
844
244
829
800
696
773
851
327
465
730
182
624
146
689
138
128
639
668
869
211
651
997
588
74
24
552
469
294
937
887
519
32
951
539
826
643
798
125
703
985
724
765
603
561
54
394
630
546
806
456
10
58
644
224
274
208
336
561
176
135
394
636
595
995
238
85
948
758
127
221
675
515
391
253
187
932
584
133
390
999
58
818
502
971
305
509
618
328
210
152
233
949
555
333
701
291
260
895
727
142
966
641
804
123
374
717
417
845
453
684
904
418
47
484
774
251
911
761
384
224
459
210
586
961
81
972
699
130
614
636
336
470
694
877
380
316
422
593
521
63
761
492
206
751
914
596
469
669
23
973
936
539
359
898
703
482
808
918
464
901
15
704
555
819
245
172
841
754
466
213
425
711
792
713
718
498
207
230
329
421
200
536
6
421
417
940
253
458
28
254
232
577
172
663
12
472
981
619
582
561
94
966
547
536
462
623
915
926
392
428
364
192
213
517
343
954
533
805
8
941
329
706
639
840
680
382
630
938
123
222
367
37
87
15
612
822
239
97
538
681
828
324
970
746
658
775
765
958
895
375
20
496
283
132
674
687
639
296
518
869
187
272
72
594
784
197
487
255
767
508
101
478
484
521
704
518
914
891
750
461
860
400
444
46
286
929
323
619
830
961
840
244
322
695
150
980
574
658
145
332
258
396
370
897
726
215
458
849
787
437
941
483
512
76
173
4
245
189
24
542
904
437
591
643
769
533
891
375
748
844
654
556
755
149
707
446
845
355
948
158
607
896
374
661
614
645
803
446
422
892
323
158
713
665
768
543
359
279
413
591
943
223
233
624
0
162
38
593
238
816
545
58
372
393
166
661
946
785
833
791
227
953
530
573
22
208
918
996
991
289
439
329
538
837
696
887
811
65
462
550
860
562
942
520
876
365
599
904
624
523
500
236
305
969
577
345
707
454
606
389
37
278
45
591
585
180
948
563
481
956
0
489
212
245
822
517
940
222
103
666
453
72
767
520
741
168
978
988
26
536
684
830
388
667
667
214
569
423
940
568
798
120
398
751
137
830
702
477
688
648
216
839
725
250
320
855
193
634
954
28
993
481
460
725
530
356
13
738
469
506
258
355
503
512
493
890
727
728
666
859
212
849
968
132
587
583
824
599
290
811
942
812
220
717
153
211
793
589
184
560
417
626
170
815
838
850
506
719
283
368
750
547
292
539
594
867
859
226
14
25
44
742
265
215
382
344
432
503
751
306
398
666
362
538
26
385
591
288
776
666
320
920
557
306
36
115
147
521
530
272
460
740
427
240
958
299
699
295
628
786
326
934
749
5
564
78
444
973
416
703
139
815
283
222
300
404
559
229
501
267
235
476
631
409
379
381
940
131
328
133
698
211
915
615
632
734
209
906
164
142
156
803
799
987
767
389
14
412
659
708
422
251
586
178
290
671
311
393
844
43
472
39
678
659
946
919
315
207
752
651
336
952
231
599
728
848
96
626
128
62
522
942
152
830
612
478
234
896
357
815
395
295
816
911
123
145
375
650
3
390
770
36
809
873
252
657
323
827
539
303
982
631
842
845
825
537
452
69
907
464
111
52
446
154
267
587
862
639
214
790
754
357
613
57
638
290
177
51
122
761
507
194
699
675
429
238
396
54
983
618
761
620
403
380
359
754
965
62
915
577
770
165
126
738
989
791
57
449
504
106
363
228
469
551
884
701
304
973
693
987
472
105
199
183
331
627
492
66
715
421
429
44
665
380
905
967
612
305
783
226
310
489
721
921
660
336
93
194
103
709
401
59
980
63
858
718
628
493
296
230
680
474
602
852
926
303
569
242
345
147
204
144
807
142
184
573
212
547
593
869
310
739
338
329
734
710
933
981
866
189
999
722
689
571
275
20
860
274
241
805
733
881
363
176
71
507
636
394
266
331
253
579
345
811
254
547
194
572
269
991
113
368
614
986
25
299
271
616
529
872
854
710
694
368
9
317
722
597
218
134
905
717
605
559
996
409
632
235
557
653
366
920
85
778
519
906
309
415
760
813
823
887
738
264
600
331
674
524
420
768
468
291
78
267
852
158
243
33
531
551
890
203
203
69
914
263
672
94
215
962
426
615
555
177
899
766
557
558
465
313
889
863
528
711
748
699
239
427
74
414
798
58
653
332
1
250
300
618
907
666
454
616
139
81
209
754
715
766
396
262
411
846
477
128
121
925
215
592
418
787
804
254
74
624
259
756
132
906
574
257
646
426
707
93
941
872
829
224
792
419
430
606
235
378
59
301
19
760
780
191
232
794
335
594
524
236
904
909
855
698
910
838
396
707
596
390
260
879
739
141
477
905
753
450
150
359
185
907
162
630
167
523
502
147
205
145
673
644
310
429
95
117
142
133
122
447
13
366
789
418
159
679
174
355
545
206
840
89
41
838
258
858
698
976
112
282
235
814
228
915
579
303
208
624
868
972
298
43
897
865
876
735
77
207
384
135
201
967
757
965
537
889
872
799
235
474
801
76
133
836
320
653
595
263
325
998
970
525
834
379
668
12
941
656
128
836
829
336
653
392
32
39
443
17
214
299
750
350
22
317
519
896
748
766
353
442
395
436
181
806
788
276
691
338
755
689
438
681
667
978
578
517
38
346
300
826
962
529
422
351
147
992
917
358
129
18
977
971
910
693
201
25
86
880
225
663
747
551
113
513
484
961
371
675
98
83
440
256
15
389
727
569
219
698
275
898
380
485
288
550
865
622
610
994
547
660
226
695
465
373
998
961
270
241
252
333
89
661
67
559
209
419
694
337
339
454
45
727
810
795
425
439
57
979
44
503
911
565
339
863
768
880
786
789
284
294
730
399
359
908
809
474
396
271
390
153
71
864
143
922
341
88
433
755
18
991
755
786
311
205
328
146
125
819
679
264
547
804
712
389
367
982
270
343
645
805
691
119
482
702
764
807
251
184
715
797
287
366
139
752
13
969
291
324
691
491
122
368
469
47
403
764
758
756
165
527
990
40
930
159
377
649
138
978
87
287
283
665
677
469
55
821
39
622
843
929
904
588
727
791
568
851
14
479
152
357
996
497
69
678
823
155
879
344
779
383
285
249
990
740
55
712
949
869
864
606
601
910
926
185
266
258
262
436
670
650
721
514
61
608
357
938
220
9
193
124
37
153
898
610
791
449
347
930
871
323
292
951
947
406
945
287
567
509
53
591
846
841
908
474
70
559
418
97
496
69
843
476
26
85
440
254
347
716
530
679
659
772
711
284
260
829
46
985
417
547
784
838
578
409
325
967
161
611
632
509
508
537
33
714
375
111
669
842
117
177
971
108
955
724
221
632
657
56
449
115
22
442
747
366
447
821
218
549
507
696
284
627
38
443
766
250
544
291
771
208
921
189
392
341
388
527
146
97
45
34
213
10
576
260
411
467
32
329
693
897
160
954
200
151
25
342
159
273
361
684
728
781
404
491
366
605
946
89
123
953
309
335
16
26
285
981
930
386
145
322
506
110
772
444
626
525
50
934
215
298
78
632
903
77
834
239
80
113
561
869
755
574
404
587
443
814
199
363
158
565
775
139
927
33
379
467
53
457
28
360
259
730
699
841
397
805
413
62
396
684
133
504
310
947
358
147
253
91
555
889
266
121
566
288
22
526
945
3
765
64
556
55
719
645
771
307
276
455
563
3
123
771
58
110
40
140
352
594
904
76
469
42
274
251
8
350
323
568
618
40
46
996
117
695
622
638
564
860
626
97
8
82
172
337
715
331
77
772
517
581
649
726
945
891
786
917
172
631
564
795
857
686
508
530
179
52
685
898
592
126
65
301
71
151
153
323
646
842
601
137
242
390
307
229
131
231
94
181
787
641
491
573
220
336
435
766
155
67
928
636
421
775
495
384
132
607
631
668
37
120
753
678
490
555
595
643
943
508
323
397
115
536
348
959
197
35
80
437
768
463
771
336
853
344
255
727
292
749
817
737
254
609
0
359
961
295
29
511
585
420
107
523
984
918
140
399
346
19
846
105
767
412
657
884
413
368
213
996
10
461
740
782
731
97
601
504
636
87
844
251
437
68
204
361
900
617
967
65
653
916
961
288
395
279
566
633
217
474
326
917
82
667
916
806
97
196
290
357
806
333
85
827
190
304
337
197
990
628
329
216
675
833
93
428
968
803
648
942
301
441
900
181
297
220
845
285
124
437
287
986
420
999
708
316
354
524
622
313
295
404
965
809
248
343
102
259
507
268
497
356
989
706
613
199
538
211
490
936
608
65
826
443
337
752
612
922
243
764
231
27
261
291
960
991
448
410
328
903
712
982
37
82
845
281
60
521
514
477
863
763
857
36
544
620
361
717
578
8
862
771
96
182
988
207
30
623
71
806
536
902
457
558
978
569
889
842
412
270
524
356
130
137
739
178
206
417
425
329
482
523
455
454
574
397
254
348
370
93
585
231
929
258
876
463
994
752
396
160
76
193
261
702
405
343
114
910
287
142
605
912
767
734
891
49
724
430
618
540
449
676
673
920
766
593
421
653
545
569
684
536
517
552
56
254
188
800
882
957
663
799
343
654
902
877
348
791
494
932
33
101
950
856
717
494
517
853
991
773
125
896
163
982
676
206
937
97
437
400
766
83
394
976
341
8
387
542
446
550
464
139
553
162
366
710
272
813
906
708
454
377
784
602
271
758
846
247
709
946
322
341
476
172
780
790
227
321
97
778
607
776
198
382
86
800
797
305
21
609
87
441
46
79
742
3
90
547
254
774
375
109
575
304
430
924
937
779
964
61
773
896
554
770
508
51
395
209
823
406
81
126
833
360
941
363
629
318
889
803
751
513
236
686
170
624
865
542
758
860
156
329
251
977
419
855
918
373
52
459
271
193
480
943
437
172
100
375
95
951
832
24
392
91
735
626
989
183
81
447
502
413
552
88
542
548
917
757
801
832
686
937
482
637
343
457
918
931
65
633
472
179
491
687
290
344
332
187
76
369
787
35
956
947
923
446
899
331
126
166
360
872
124
952
171
951
192
784
120
184
615
517
805
478
110
91
362
876
664
912
397
363
345
534
582
432
201
63
430
138
920
639
879
529
538
859
143
226
16
487
943
343
251
157
346
35
557
634
181
515
838
122
242
696
879
596
928
273
695
200
402
390
200
332
874
407
893
526
10
906
746
564
815
372
776
583
875
311
620
646
941
969
18
919
911
445
523
704
732
707
504
188
988
650
410
881
213
62
872
309
351
509
148
361
357
875
939
606
795
245
102
532
16
802
33
130
265
174
872
431
543
608
369
599
863
19
378
417
381
658
576
901
772
356
177
699
339
264
767
446
407
346
857
304
969
2
143
511
212
326
474
509
430
550
477
597
136
21
340
209
524
863
752
577
674
622
340
278
375
87
664
380
178
481
671
61
748
293
255
203
532
721
156
398
500
967
889
59
723
515
748
309
72
609
685
373
360
548
347
637
548
212
907
251
26
959
798
633
342
280
821
192
100
796
107
781
517
169
328
508
980
233
262
881
708
429
266
478
248
997
880
349
998
931
955
655
536
791
816
214
961
725
774
573
577
891
148
927
973
694
590
948
206
452
822
200
508
557
131
86
478
747
481
171
225
736
700
508
75
470
954
945
747
865
85
507
959
985
329
256
720
148
968
864
406
400
847
80
620
246
685
715
824
714
144
664
49
847
883
471
957
463
208
5
942
784
182
456
537
243
95
476
539
693
641
283
87
224
631
683
384
436
723
201
256
279
82
307
403
652
204
107
971
519
582
592
832
879
230
591
428
892
234
646
24
895
86
489
558
569
856
174
421
524
57
986
138
525
499
78
314
235
545
253
912
858
0
116
76
864
152
580
155
856
798
980
413
277
154
150
263
302
143
164
269
360
36
804
948
777
527
815
833
184
249
823
466
355
450
230
175
928
801
156
395
245
55
680
373
299
649
911
262
148
185
827
294
829
8
50
432
383
882
696
46
544
29
479
858
614
167
722
147
836
292
753
944
829
57
239
140
980
856
935
102
822
368
85
491
416
143
145
850
754
919
917
76
509
227
616
935
88
981
348
102
822
541
753
86
268
592
52
806
182
746
507
484
481
713
135
912
699
96
532
400
935
876
780
288
508
775
31
691
845
878
71
146
683
729
456
128
199
159
29
64
828
380
509
427
912
56
213
290
83
660
775
308
961
451
903
204
914
899
910
355
808
848
352
301
768
499
288
986
953
628
52
100
546
561
387
64
392
65
154
979
509
737
646
242
340
818
931
902
713
662
331
226
518
829
731
106
103
848
639
218
439
153
422
192
84
757
40
47
693
631
980
993
803
243
549
560
197
787
404
9
350
1
954
173
658
938
924
525
726
395
569
410
60
891
223
263
958
797
961
171
290
392
973
574
203
500
233
920
72
996
950
416
414
898
461
480
289
323
750
139
607
993
848
839
797
919
722
733
580
476
896
673
539
903
602
640
272
515
302
278
736
247
533
826
67
821
794
110
774
420
279
854
968
13
826
188
918
999
165
814
450
775
107
445
885
607
118
170
989
497
366
895
666
929
596
128
811
989
588
916
542
841
265
332
300
731
434
830
610
152
18
838
292
209
741
458
556
685
999
225
184
92
423
183
474
718
632
31
96
686
704
854
892
534
641
687
366
336
500
169
837
126
486
697
198
678
915
925
475
638
583
447
892
448
444
162
106
746
333
524
160
388
904
311
101
647
650
317
564
31
261
136
821
668
125
724
12
43
560
202
14
636
979
601
300
280
545
459
657
312
534
929
61
421
978
36
108
887
90
538
425
764
288
976
443
592
962
386
538
771
920
836
779
836
927
188
974
600
90
807
881
286
505
508
461
298
122
121
854
772
251
752
552
404
449
197
173
213
426
479
876
683
871
8
3
938
686
203
421
620
356
193
622
399
488
480
731
249
890
345
606
720
154
436
983
835
693
90
319
302
73
375
822
286
778
170
804
114
774
570
773
25
314
215
709
62
664
57
98
253
936
521
881
505
243
299
401
555
382
252
852
937
291
710
620
857
692
317
338
424
17
717
273
419
569
266
105
545
644
660
352
779
255
493
3
25
73
256
242
147
10
79
753
800
284
1
610
702
273
758
456
823
628
880
231
957
932
401
719
18
514
563
408
278
459
952
959
549
353
582
950
292
501
262
441
384
735
882
637
636
462
737
331
733
482
88
962
171
390
966
283
262
460
956
438
82
673
391
841
929
31
939
177
964
593
150
913
294
105
575
647
108
814
329
518
13
9
688
366
610
606
558
888
129
63
962
29
60
100
982
455
985
495
107
727
462
780
683
908
444
14
83
53
428
941
603
638
498
155
907
31
205
373
108
427
183
7
721
923
208
216
296
466
401
597
352
92
375
361
264
767
127
850
618
988
768
23
50
903
537
741
383
729
752
745
693
207
988
800
957
115
928
170
378
712
605
660
624
196
338
885
970
278
507
409
592
262
419
257
284
204
495
411
295
88
584
469
717
65
980
141
378
721
378
380
103
341
105
962
389
915
12
3
805
732
683
574
761
336
489
950
115
49
142
857
768
896
240
309
760
948
523
667
972
97
498
884
92
884
752
377
581
565
968
231
476
381
245
806
66
175
383
626
915
115
891
642
820
45
333
998
25
756
309
102
248
351
979
118
429
98
576
317
187
814
330
549
220
174
684
301
973
813
832
945
401
942
690
59
177
51
818
643
172
895
405
306
553
775
585
260
806
266
427
428
371
858
87
721
664
171
947
438
984
928
9
280
881
189
223
176
497
214
108
120
327
783
665
155
690
837
41
908
82
329
606
624
465
429
858
104
870
127
560
439
526
354
245
346
703
444
773
213
946
3
830
402
356
784
651
20
82
501
862
178
198
66
950
838
842
603
760
525
408
294
173
698
363
609
128
955
614
648
930
517
943
76
596
388
512
743
688
898
402
995
941
856
149
162
245
106
377
960
356
245
138
965
335
588
396
8
95
64
691
197
473
574
900
590
547
562
438
823
204
377
471
203
649
100
908
973
0
64
777
377
651
338
857
120
154
513
675
842
269
348
769
830
341
442
438
493
718
800
35
125
308
548
326
561
766
345
759
582
3
844
96
520
239
570
105
706
714
20
110
213
38
259
725
256
84
102
695
581
593
819
675
197
306
761
593
337
505
779
282
41
642
505
937
906
135
337
974
896
683
171
31
692
767
129
91
390
792
709
661
715
201
661
217
673
866
74
886
656
189
311
48
419
384
444
17
156
100
337
891
157
545
16
860
866
116
699
759
333
110
573
595
201
914
773
322
760
306
148
552
440
439
632
614
32
299
521
658
904
620
320
869
654
744
224
280
13
32
580
300
128
490
984
581
413
551
572
562
836
333
539
611
382
658
74
631
611
918
515
457
211
419
777
447
926
732
574
695
480
703
905
798
204
760
11
175
497
316
560
828
74
159
722
883
958
322
25
552
528
604
416
11
698
260
785
214
730
408
544
422
831
533
668
651
780
996
18
661
450
149
868
61
957
363
175
949
173
740
378
101
252
803
458
627
991
667
554
726
566
170
872
695
365
79
739
397
773
58
328
628
453
855
100
584
569
55
940
356
461
979
184
985
803
141
630
45
72
853
834
58
309
404
347
472
976
305
617
297
963
22
211
278
156
758
269
395
844
333
494
419
804
196
751
81
88
175
407
29
295
269
316
296
699
187
445
284
27
854
323
698
360
979
581
993
125
20
610
944
463
146
208
752
164
722
244
913
0
877
955
304
130
791
893
1
413
188
73
351
642
994
515
557
83
439
507
48
859
792
255
819
193
874
888
494
26
145
722
492
390
875
260
24
387
48
920
388
286
305
525
693
761
113
503
934
182
36
432
287
281
827
728
441
691
657
536
329
963
910
685
455
287
973
143
299
776
27
33
355
811
983
235
682
324
649
538
160
222
848
722
122
741
587
946
78
628
675
621
686
1
908
57
726
918
239
440
467
932
421
564
339
984
498
696
635
279
619
241
408
222
421
291
613
