70
364
154
647
201
743
25
478
625
150
182
616
712
58
596
644
943
80
669
822
166
552
5
282
122
997
355
320
928
737
484
752
456
677
810
426
29
682
946
202
240
519
107
663
604
799
354
471
101
30
803
665
466
480
626
262
761
366
463
204
377
197
703
97
195
877
575
912
162
588
964
235
81
588
878
142
643
552
691
307
526
286
87
0
713
736
345
129
572
453
417
10
599
688
198
374
699
26
428
749
140
953
690
837
200
75
690
184
433
72
369
470
46
796
174
15
432
334
543
751
464
841
343
558
398
292
269
835
740
687
734
436
769
260
441
341
777
240
323
75
737
645
241
211
857
589
851
163
450
541
497
501
759
388
564
276
657
790
127
332
498
1
943
946
930
907
437
797
384
894
29
376
128
305
639
942
835
509
394
80
388
985
528
933
631
898
405
39
28
186
857
982
537
67
165
59
78
585
954
99
929
409
389
526
41
418
526
99
632
751
400
266
882
133
323
165
770
159
93
572
52
484
271
804
773
746
11
723
422
321
716
818
456
70
86
319
65
522
940
542
620
855
640
812
567
455
796
808
958
648
440
526
773
592
445
737
