537
463
540
879
942
98
589
436
502
314
837
775
537
997
631
640
347
923
838
522
737
561
686
177
787
317
374
838
604
55
705
169
644
288
531
322
975
26
585
460
774
620
529
270
851
776
121
6
865
794
155
596
650
559
166
617
243
200
176
43
210
466
983
30
232
883
703
240
480
650
501
728
239
67
50
956
558
671
300
719
211
924
278
483
22
614
504
992
767
409
553
721
45
58
952
255
280
65
595
292
504
269
142
374
255
836
917
727
1
789
741
925
556
844
268
834
770
89
393
474
963
974
46
676
152
771
914
296
802
672
395
579
617
966
304
290
112
162
429
33
446
623
808
62
528
175
600
238
473
686
925
251
715
683
138
770
639
803
951
149
73
916
27
801
391
163
295
902
896
42
646
150
505
330
496
740
467
0
254
347
448
823
487
0
804
851
793
597
416
5
860
218
313
816
752
26
119
110
70
495
778
287
220
795
15
288
850
925
760
156
410
860
626
642
285
739
464
114
223
561
317
533
748
972
486
456
229
833
605
972
299
658
946
630
500
508
980
470
146
700
789
270
505
686
308
977
361
562
12
773
65
499
434
918
781
917
732
369
798
939
556
793
40
146
676
994
65
221
683
144
468
733
893
178
837
85
1
65
728
392
356
863
154
695
4
390
409
483
847
278
280
899
105
401
186
651
795
55
775
113
33
34
940
501
468
981
669
564
22
222
998
321
925
596
823
577
958
95
397
809
931
435
637
662
111
664
444
97
181
322
842
189
89
703
997
38
270
474
794
944
127
604
230
921
129
9
90
676
813
38
221
795
28
557
51
832
762
162
396
192
997
854
583
85
751
213
77
102
551
446
850
877
663
886
229
484
654
330
137
157
924
623
613
709
638
55
670
429
848
675
836
101
727
743
729
172
577
647
526
320
107
252
984
478
994
618
943
647
814
17
616
720
304
854
648
756
277
222
416
784
730
327
857
778
487
106
477
263
288
96
508
344
102
0
480
936
853
11
128
477
798
764
425
960
469
87
811
498
613
653
15
101
295
249
31
669
537
667
685
833
643
334
557
586
213
551
879
302
612
996
524
1
91
111
666
458
70
550
658
893
426
681
535
970
536
367
737
177
425
796
575
439
115
291
227
826
434
900
808
430
834
963
662
609
608
837
70
673
856
63
753
288
16
45
146
257
940
771
316
386
923
963
278
541
647
116
404
533
322
476
663
90
635
218
60
128
424
506
73
274
358
62
907
215
491
517
294
662
981
682
756
668
299
988
15
95
81
37
297
461
193
426
592
774
492
374
800
779
865
491
776
625
668
990
454
262
224
470
190
583
231
521
221
187
437
594
349
680
29
618
969
376
347
338
384
255
97
163
630
212
237
555
670
186
479
589
540
681
761
395
14
702
943
874
819
124
885
361
252
805
248
359
911
881
69
953
306
193
309
229
452
369
874
807
479
944
323
493
794
77
203
720
739
304
360
746
785
313
400
254
8
97
493
984
318
540
185
602
258
376
157
888
892
364
467
266
303
352
371
899
139
533
274
874
416
312
975
925
685
664
176
620
277
265
777
889
243
701
756
642
413
303
748
624
403
11
115
96
171
349
732
372
37
764
267
645
625
403
328
478
969
60
522
880
480
649
160
870
690
257
435
908
165
699
359
905
685
609
320
214
62
372
713
714
170
176
976
843
850
844
174
819
481
913
218
37
860
5
885
954
38
810
784
925
744
15
489
31
614
371
573
447
876
729
231
802
911
717
919
859
256
409
902
319
99
148
965
471
574
8
517
923
781
430
736
136
370
624
207
893
625
411
358
832
874
735
74
368
992
453
778
214
94
660
187
197
665
183
573
259
233
990
251
227
345
512
656
73
605
242
349
585
843
135
399
52
707
275
477
448
840
709
783
18
864
609
617
131
936
352
487
772
993
381
691
655
639
116
74
660
135
448
653
805
888
129
964
311
795
233
500
725
125
698
480
770
699
158
725
91
892
201
512
863
98
927
99
284
514
934
204
511
972
680
518
175
668
159
64
574
718
124
900
245
313
767
627
355
314
253
395
2
817
400
514
863
96
257
692
988
472
210
769
243
734
371
386
993
91
612
657
956
249
234
784
427
201
15
418
744
665
722
46
404
506
824
115
632
848
870
541
780
819
53
852
854
715
336
829
848
928
396
962
950
31
316
429
634
288
657
707
830
284
882
179
822
781
430
629
367
573
947
95
56
424
49
67
51
422
713
548
192
136
995
151
207
28
625
343
159
236
686
448
136
968
929
581
121
588
180
294
751
804
164
369
132
275
868
848
751
739
786
707
485
31
566
28
987
621
259
9
407
575
523
