79
139
496
531
81
4
892
648
816
925
432
748
404
171
744
273
665
781
383
97
261
827
625
304
21
927
413
262
544
492
926
501
179
169
352
75
891
778
968
668
249
796
901
120
335
867
82
308
1
98
973
584
607
917
409
92
463
878
560
568
607
635
637
670
64
41
69
414
678
543
541
726
259
169
199
660
732
806
142
658
12
505
881
436
52
873
469
128
644
901
698
331
762
672
631
52
73
436
386
503
230
30
456
577
484
158
698
539
711
890
976
877
437
350
976
336
905
890
759
471
233
87
280
707
559
879
626
314
676
192
275
300
144
317
299
881
927
426
35
74
517
785
196
98
114
614
916
697
905
523
588
518
746
593
381
725
591
932
848
892
860
473
780
902
271
598
266
499
735
862
597
509
98
545
438
438
814
268
811
235
400
297
967
919
267
334
45
949
993
642
422
487
621
650
370
140
24
967
683
145
490
168
53
727
737
740
65
564
909
492
665
417
628
985
998
960
817
466
325
239
662
351
424
293
867
79
216
216
495
770
184
177
403
756
725
397
510
815
330
336
547
51
184
664
87
269
531
915
430
250
983
894
757
166
841
668
306
525
874
151
135
268
134
622
382
485
67
450
502
70
829
662
300
285
254
827
317
26
219
502
127
625
9
7
736
858
798
287
438
775
541
116
141
817
57
99
711
615
330
588
549
805
470
595
900
205
782
608
771
692
953
84
648
947
439
494
963
536
91
865
547
17
172
676
916
997
429
175
945
111
335
4
38
983
976
65
407
447
381
657
140
839
355
673
22
957
931
630
755
101
748
841
261
648
67
331
16
324
893
115
666
48
733
833
534
466
496
382
97
903
182
322
21
303
339
802
603
794
123
212
443
475
325
16
760
191
374
797
399
666
302
972
909
79
72
5
864
577
970
549
318
986
261
377
794
111
918
665
709
895
267
91
592
975
801
243
904
467
2
997
978
722
124
311
638
534
300
573
33
663
26
218
122
332
70
679
78
501
24
12
142
455
701
817
414
565
101
647
953
535
98
903
848
914
155
239
713
516
478
877
540
402
860
945
865
136
365
179
109
715
381
782
132
143
207
704
744
785
157
878
911
224
162
865
619
500
526
47
842
747
225
168
174
908
827
374
415
226
735
959
452
263
880
955
329
602
60
660
514
214
765
398
574
617
742
949
199
886
851
677
565
471
25
307
322
74
20
654
608
526
903
104
871
363
582
95
235
148
392
202
249
426
169
602
274
718
579
72
865
266
68
253
798
116
970
633
349
64
315
555
849
737
2
18
425
20
587
454
444
666
368
758
889
8
844
215
848
652
92
141
60
221
134
105
889
295
361
727
490
850
292
475
788
279
83
376
655
711
755
772
898
119
71
515
749
483
251
991
298
462
797
577
493
427
892
447
643
36
281
697
758
500
146
9
486
43
597
607
172
510
298
878
616
136
985
79
402
193
250
631
333
504
179
312
847
776
12
585
502
533
662
595
829
634
842
593
75
353
767
170
933
134
51
207
897
264
410
35
395
884
781
188
893
903
193
53
255
24
48
861
703
841
45
768
882
968
537
959
552
142
618
14
29
122
139
899
123
131
471
910
301
209
447
201
143
79
411
141
497
735
405
646
938
833
825
988
369
562
832
880
647
221
156
775
217
176
798
518
849
630
483
562
379
524
125
330
325
802
910
852
920
697
647
472
988
947
126
109
791
339
790
318
901
290
312
913
500
635
760
868
967
116
490
324
146
353
827
603
677
975
148
701
129
449
593
295
159
11
584
717
752
185
397
759
575
578
323
775
99
631
444
857
344
930
401
695
205
100
477
216
329
223
539
365
519
285
769
760
640
195
164
689
319
550
978
702
167
216
479
118
641
919
247
570
50
467
291
608
761
129
406
894
903
224
359
559
638
135
689
949
940
490
533
556
553
991
953
687
667
953
66
737
275
272
397
385
888
91
68
659
562
444
4
263
977
846
290
873
156
565
742
268
901
273
879
827
673
513
702
78
109
192
375
317
4
311
258
660
222
839
728
611
579
680
729
89
141
67
778
741
426
129
667
680
864
542
823
362
356
950
837
783
275
890
683
630
649
414
146
102
632
314
252
517
8
995
802
999
677
374
546
79
894
840
222
21
682
237
936
460
837
995
1
735
584
610
585
359
734
794
0
595
226
25
979
53
62
431
330
293
295
160
335
4
628
462
257
967
541
440
894
190
553
668
191
544
479
380
181
629
590
407
809
944
952
503
161
822
321
666
279
191
565
23
451
320
392
391
353
75
759
998
181
484
771
244
123
272
70
581
803
396
390
785
593
599
270
792
627
341
340
286
171
458
869
175
484
687
204
591
202
827
898
984
58
289
112
1
488
242
256
576
576
655
801
540
548
550
64
89
636
710
763
264
283
112
866
162
646
796
791
242
672
109
524
76
688
674
171
694
724
690
56
153
887
51
219
956
933
360
562
861
16
652
692
92
275
927
487
887
107
452
403
852
974
332
856
830
459
635
33
390
777
516
132
989
100
412
865
140
586
72
608
233
195
964
200
758
255
250
978
567
729
491
996
488
681
340
297
561
408
911
957
927
516
797
503
568
699
38
511
674
469
637
591
328
402
682
61
314
986
429
214
952
427
660
375
12
861
561
277
81
426
211
292
995
897
359
53
844
153
748
832
760
90
824
257
638
464
937
543
412
233
692
551
238
878
932
391
186
46
399
903
387
741
35
98
687
475
288
49
351
801
202
281
524
183
614
243
56
481
846
721
80
784
443
361
764
324
238
114
143
799
59
170
202
605
258
586
912
32
307
337
581
687
869
933
864
374
964
9
522
746
253
40
225
131
719
392
830
315
935
585
912
229
719
860
826
423
725
681
80
74
868
544
809
712
321
857
809
717
796
911
686
773
857
200
325
13
426
632
401
782
931
834
111
341
145
168
80
790
784
338
724
862
471
74
495
151
826
808
667
598
268
386
194
808
495
603
302
323
250
124
0
866
245
249
417
272
884
82
479
862
646
857
160
367
505
891
884
776
563
447
138
413
831
28
90
567
99
176
314
578
538
698
15
378
643
201
266
661
956
494
468
283
932
619
247
347
852
15
123
880
897
530
762
496
642
491
617
452
272
161
3
43
726
813
603
306
46
447
662
902
190
648
402
554
797
388
495
996
430
994
881
953
160
380
327
857
527
457
611
829
27
642
254
141
450
986
719
550
157
830
704
1
636
83
462
550
79
687
611
183
434
736
241
217
955
113
484
613
707
435
749
710
247
216
599
738
27
259
624
275
426
299
462
376
228
917
571
540
835
225
990
448
516
77
391
452
103
366
343
560
963
798
402
385
722
511
698
944
547
549
569
620
418
281
491
199
736
561
525
646
616
21
414
930
784
5
536
492
328
719
251
446
258
876
631
236
29
26
251
104
416
684
143
621
528
725
530
636
158
779
73
50
248
712
973
883
210
917
599
159
177
511
979
266
516
603
374
890
815
5
390
937
965
852
445
123
609
794
792
961
345
239
146
507
872
797
448
589
623
175
25
608
631
874
212
201
853
205
318
743
914
37
374
806
454
913
87
24
25
341
594
107
525
698
509
142
147
401
139
629
569
872
33
580
941
990
435
167
553
856
121
240
163
94
729
370
559
767
562
170
371
809
170
862
15
678
629
502
535
696
274
846
542
668
251
493
216
316
418
824
205
375
323
160
357
483
554
90
948
883
433
221
796
83
781
494
113
432
302
703
325
485
873
422
833
647
340
905
940
346
110
32
635
421
392
19
949
1
740
98
122
471
360
795
56
823
351
142
601
100
277
133
580
436
708
535
102
198
936
516
69
684
531
874
305
504
77
885
895
995
436
38
508
936
76
506
634
872
804
339
66
854
981
428
518
378
903
782
929
555
865
128
990
293
661
187
738
587
86
435
239
574
526
697
877
675
361
837
655
322
936
537
776
778
362
529
224
579
334
999
727
780
941
163
132
426
927
79
226
938
309
888
88
781
63
184
907
626
561
321
395
650
814
4
87
197
313
600
637
626
260
78
522
339
304
824
490
774
615
882
517
392
249
240
143
213
9
487
113
643
467
929
697
340
940
896
395
681
782
323
434
883
519
134
624
125
45
875
29
782
888
687
423
563
219
24
911
305
289
466
820
16
72
745
526
747
469
752
329
803
4
824
563
67
353
76
44
727
456
905
73
702
957
147
413
702
353
843
661
414
442
341
318
654
294
333
590
747
844
241
779
328
255
202
947
878
287
524
858
835
134
957
274
809
812
842
770
157
791
309
933
48
290
259
61
770
41
498
692
626
254
847
415
386
59
397
440
511
749
834
214
319
298
115
35
843
975
928
145
948
16
754
970
874
148
65
876
735
707
570
397
337
440
454
904
207
101
22
67
987
624
305
740
557
208
584
104
481
995
521
624
823
384
175
177
656
515
91
734
928
259
612
180
423
380
873
154
361
73
167
107
429
482
367
249
963
613
366
919
622
556
416
883
138
387
767
382
911
797
93
729
755
914
81
303
293
871
565
561
917
858
534
394
738
816
182
431
708
236
428
818
656
614
674
748
865
870
46
124
123
956
970
417
762
718
959
703
522
37
246
738
928
892
127
460
453
949
474
908
931
242
411
70
296
565
707
320
424
869
745
512
695
261
687
904
